1668944811819 15.424948692321777 0
1668944811860 15.42599868774414 1
1668944811903 15.424948692321777 2
1668944811943 10.900543212890625 3
1668944811982 15.434097290039062 4
1668944812022 15.427947044372559 5
1668944812063 12.749820709228516 6
1668944812109 15.433396339416504 7
1668944812152 9.478849411010742 8
1668944812198 12.502065658569336 9
1668944812265 12.409473419189453 10
1668944812326 6.344347953796387 11
1668944812393 12.1696138381958 12
1668944812454 6.239903450012207 13
1668944812498 3.0451338291168213 14
1668944812553 5.759783744812012 15
1668944812603 9.048569679260254 16
1668944812658 3.170780897140503 17
1668944812719 6.195465564727783 18
1668944812786 2.6585166454315186 19
1668944812860 4.091062545776367 20
1668944812916 6.537775993347168 21
1668944812969 2.3269407749176025 22
1668944813027 2.108957290649414 23
1668944813089 2.7244579792022705 24
1668944813155 1.7432690858840942 25
1668944813221 2.0525259971618652 26
1668944813289 2.0956063270568848 27
1668944813362 1.8003931045532227 28
1668944813473 1.9446449279785156 29
1668944813553 1.5826334953308105 30
1668944813632 1.963517427444458 31
1668944813699 1.9757732152938843 32
1668944813769 1.4557733535766602 33
1668944813845 1.6898902654647827 34
1668944813927 1.6405373811721802 35
1668944814051 1.1893213987350464 36
1668944814131 1.7602616548538208 37
1668944814208 1.4232704639434814 38
1668944814306 1.5723615884780884 39
1668944814382 1.5103806257247925 40
1668944814493 1.6492565870285034 41
1668944814579 1.4107003211975098 42
1668944814647 1.520589828491211 43
1668944814706 1.3462803363800049 44
1668944814761 1.5669739246368408 45
1668944814815 1.293224573135376 46
1668944814869 1.5806665420532227 47
1668944814933 1.4554835557937622 48
1668944814988 1.3091071844100952 49
1668944815045 1.31065034866333 50
1668944815096 1.2351527214050293 51
1668944815146 1.4519540071487427 52
1668944815206 1.5005567073822021 53
1668944815265 1.224794626235962 54
1668944815318 1.1966912746429443 55
1668944815380 1.2527395486831665 56
1668944815438 1.1792105436325073 57
1668944815496 1.6545162200927734 58
1668944815545 1.1875635385513306 59
1668944815589 1.4610154628753662 60
1668944815632 1.2275913953781128 61
1668944815679 1.3192594051361084 62
1668944815745 1.1470047235488892 63
1668944815795 1.395065188407898 64
1668944815845 1.2987797260284424 65
1668944815889 1.157824158668518 66
1668944815936 1.417541265487671 67
1668944815979 1.2777737379074097 68
1668944816027 1.3071528673171997 69
1668944816111 1.4419418573379517 70
1668944816170 1.2990473508834839 71
1668944816221 1.249053716659546 72
1668944816269 1.279132604598999 73
1668944816312 1.0903257131576538 74
1668944816358 1.186578631401062 75
1668944816409 1.2054110765457153 76
1668944816454 1.3461312055587769 77
1668944816508 1.1744238138198853 78
1668944816554 1.4760925769805908 79
1668944816598 1.1987402439117432 80
1668944816646 1.2872192859649658 81
1668944816690 1.1066608428955078 82
1668944816738 1.3142473697662354 83
1668944816785 1.3632503747940063 84
1668944816832 1.1918405294418335 85
1668944816878 1.096177101135254 86
1668944817173 1.2399948835372925 87
1668944817256 1.228212833404541 88
1668944817344 1.219815731048584 89
1668944819671 1.1055651903152466 90
1668944819714 1.1084916591644287 91
1668944819763 1.1498557329177856 92
1668944819812 1.1459293365478516 93
1668944819873 1.0666297674179077 94
1668944819931 1.2541937828063965 95
1668944819996 1.3304009437561035 96
1668944820071 1.2445025444030762 97
1668944820125 1.1965579986572266 98
1668944820178 1.1360502243041992 99
1668944820227 1.1526235342025757 100
1668944820281 1.2145978212356567 101
1668944820340 1.0515209436416626 102
1668944820402 1.3538243770599365 103
1668944820460 1.1719543933868408 104
1668944820531 1.1200695037841797 105
1668944820585 1.1826601028442383 106
1668944820635 1.1572049856185913 107
1668944820686 1.0375574827194214 108
1668944820733 1.220720887184143 109
1668944820789 1.2302311658859253 110
1668944820841 1.3825244903564453 111
1668944820892 1.3110294342041016 112
1668944820942 1.2426202297210693 113
1668944820996 1.1563037633895874 114
1668944821048 1.136886715888977 115
1668944821101 1.2095271348953247 116
1668944821154 1.0833404064178467 117
1668944821210 1.0851187705993652 118
1668944821266 1.3415696620941162 119
1668944821323 1.2516231536865234 120
1668944821373 1.1273717880249023 121
1668944821430 1.155299186706543 122
1668944821493 1.1526583433151245 123
1668944821554 0.9946922063827515 124
1668944821621 1.1448249816894531 125
1668944821686 1.1107994318008423 126
1668944821744 0.9826855659484863 127
1668944821797 1.0075652599334717 128
1668944821853 1.0828840732574463 129
1668944821911 1.0319418907165527 130
1668944821963 1.0574785470962524 131
1668944822010 1.164982557296753 132
1668944822056 1.0735104084014893 133
1668944822101 1.0048651695251465 134
1668944822147 0.9284206628799438 135
1668944822206 1.2953987121582031 136
1668944822254 1.0688347816467285 137
1668944822300 1.194657564163208 138
1668944822352 1.2616448402404785 139
1668944822396 1.0193593502044678 140
1668944822441 0.9980695247650146 141
1668944822494 1.0624477863311768 142
1668944822540 1.1732375621795654 143
1668944822589 1.0269527435302734 144
1668944822633 1.069610834121704 145
1668944822680 1.007912516593933 146
1668944822732 1.0970652103424072 147
1668944822780 1.0414526462554932 148
1668944822833 1.2306194305419922 149
1668944822886 1.121273159980774 150
1668944822954 1.0597567558288574 151
1668944823002 1.0742785930633545 152
1668944823052 0.9663835167884827 153
1668944823112 1.0040696859359741 154
1668944823180 1.0563857555389404 155
1668944823253 1.0397752523422241 156
1668944823326 1.1432374715805054 157
1668944823395 1.0708951950073242 158
1668944823471 1.1665129661560059 159
1668944823538 1.265857219696045 160
1668944823621 1.0513209104537964 161
1668944823693 1.04377019405365 162
1668944823759 1.0593392848968506 163
1668944823826 0.9827003479003906 164
1668944823938 0.9168472290039062 165
1668944824019 1.0995302200317383 166
1668944824095 0.9355897903442383 167
1668944824172 1.0710022449493408 168
1668944824236 1.1366075277328491 169
1668944824292 1.1114699840545654 170
1668944824337 1.106997013092041 171
1668944824383 1.0661038160324097 172
1668944824438 1.0066380500793457 173
1668944824490 1.1151034832000732 174
1668944824537 1.0246105194091797 175
1668944824582 0.9620636701583862 176
1668944824634 1.0401983261108398 177
1668944824683 1.1022940874099731 178
1668944824728 1.0752679109573364 179
1668944826783 1.0432705879211426 180
1668944826825 1.0561864376068115 181
1668944826866 1.0413601398468018 182
1668944826907 1.041155457496643 183
1668944826950 0.9227339029312134 184
1668944826998 1.125637173652649 185
1668944827040 1.1364037990570068 186
1668944827081 0.9620905518531799 187
1668944827122 1.0850937366485596 188
1668944827167 0.9687908887863159 189
1668944827214 0.9852763414382935 190
1668944827264 1.1418514251708984 191
1668944827309 0.9889021515846252 192
1668944827345 1.0903950929641724 193
1668944827387 0.9462534189224243 194
1668944827426 0.9737968444824219 195
1668944827465 1.243633508682251 196
1668944827507 0.9156850576400757 197
1668944827545 1.1030313968658447 198
1668944827585 1.0001112222671509 199
1668944827625 1.0574520826339722 200
1668944827664 1.0529121160507202 201
1668944827704 0.9150947332382202 202
1668944827744 1.123375415802002 203
1668944827785 1.0222225189208984 204
1668944827825 1.1598443984985352 205
1668944827865 1.0373096466064453 206
1668944827910 0.7614881992340088 207
1668944827952 1.0764274597167969 208
1668944827994 0.9310132265090942 209
1668944828035 1.105630874633789 210
1668944828077 0.9754469394683838 211
1668944828119 1.1763960123062134 212
1668944828158 1.0054237842559814 213
1668944828198 0.8216357827186584 214
1668944828240 1.049302577972412 215
1668944828281 0.9943204522132874 216
1668944828321 1.1324440240859985 217
1668944828361 1.0379140377044678 218
1668944828404 1.0373635292053223 219
1668944828444 1.0436584949493408 220
1668944828486 0.9872981309890747 221
1668944828527 1.087834358215332 222
1668944828565 0.9593156576156616 223
1668944828606 1.090501308441162 224
1668944828645 1.1641440391540527 225
1668944828686 1.1733698844909668 226
1668944828725 1.0146119594573975 227
1668944828764 0.9927667379379272 228
1668944828805 1.1122112274169922 229
1668944828846 1.1431629657745361 230
1668944828887 0.9181079268455505 231
1668944828927 1.0530259609222412 232
1668944828969 1.0372371673583984 233
1668944829009 0.9336870908737183 234
1668944829052 1.0737686157226562 235
1668944829092 1.189030647277832 236
1668944829142 1.162605881690979 237
1668944829208 1.0203056335449219 238
1668944829252 1.0977195501327515 239
1668944829291 1.0980829000473022 240
1668944829334 1.0004770755767822 241
1668944829376 1.0953083038330078 242
1668944829414 1.1062922477722168 243
1668944829457 1.0279035568237305 244
1668944829496 1.2101738452911377 245
1668944829535 1.026389241218567 246
1668944829575 1.0367196798324585 247
1668944829612 1.0445311069488525 248
1668944829652 0.9698537588119507 249
1668944829691 1.2409288883209229 250
1668944829729 1.0461344718933105 251
1668944829769 1.1082605123519897 252
1668944829809 0.9996966123580933 253
1668944829846 1.094547986984253 254
1668944829886 1.0466783046722412 255
1668944829924 1.0360463857650757 256
1668944829962 0.997338056564331 257
1668944830002 1.2534291744232178 258
1668944830040 1.1371958255767822 259
1668944830077 1.2729436159133911 260
1668944830118 1.1748520135879517 261
1668944830159 1.0910916328430176 262
1668944830207 1.014944076538086 263
1668944830255 1.2294026613235474 264
1668944830294 1.13496994972229 265
1668944830333 1.1972745656967163 266
1668944830372 1.0260286331176758 267
1668944830411 1.1708341836929321 268
1668944830447 1.1082496643066406 269
