1668944811817 15.424948692321777 0
1668944811859 12.937374114990234 1
1668944811900 15.424948692321777 2
1668944811942 15.424948692321777 3
1668944811980 12.400228500366211 4
1668944812019 12.676069259643555 5
1668944812062 10.462050437927246 6
1668944812107 9.8248929977417 7
1668944812149 7.406912803649902 8
1668944812195 9.574803352355957 9
1668944812262 9.815577507019043 10
1668944812324 9.245964050292969 11
1668944812391 7.085725784301758 12
1668944812452 8.854801177978516 13
1668944812496 6.386780261993408 14
1668944812550 8.800423622131348 15
1668944812600 4.469781875610352 16
1668944812655 6.018887519836426 17
1668944812717 9.627723693847656 18
1668944812782 3.164907455444336 19
1668944812857 5.738146781921387 20
1668944812913 5.807735443115234 21
1668944812966 5.849673748016357 22
1668944813025 2.6255345344543457 23
1668944813085 3.08345365524292 24
1668944813150 2.5398638248443604 25
1668944813217 2.641310214996338 26
1668944813285 2.6903514862060547 27
1668944813359 2.129826307296753 28
1668944813469 2.235276937484741 29
1668944813549 2.073371648788452 30
1668944813629 2.2193946838378906 31
1668944813697 2.2012860774993896 32
1668944813765 2.2258832454681396 33
1668944813842 1.9035289287567139 34
1668944813924 2.056428909301758 35
1668944814048 2.264136791229248 36
1668944814128 1.8884966373443604 37
1668944814206 1.8538217544555664 38
1668944814303 2.0396721363067627 39
1668944814379 1.7742416858673096 40
1668944814490 2.3139121532440186 41
1668944814576 2.1036484241485596 42
1668944814645 1.8991552591323853 43
1668944814702 2.083890438079834 44
1668944814760 1.7753665447235107 45
1668944814813 1.864206314086914 46
1668944814865 1.6893178224563599 47
1668944814931 1.9452323913574219 48
1668944814985 1.8460724353790283 49
1668944815044 1.797830581665039 50
1668944815094 1.8504992723464966 51
1668944815145 1.7260353565216064 52
1668944815204 1.59244704246521 53
1668944815263 1.7895731925964355 54
1668944815315 1.663018822669983 55
1668944815379 1.562164068222046 56
1668944815433 1.7155094146728516 57
1668944815494 1.8289117813110352 58
1668944815543 1.8247355222702026 59
1668944815587 1.8126425743103027 60
1668944815629 1.6886632442474365 61
1668944815676 1.5553293228149414 62
1668944815742 1.8161170482635498 63
1668944815793 1.6995035409927368 64
1668944815843 1.554687738418579 65
1668944815887 1.7929537296295166 66
1668944815932 1.5640051364898682 67
1668944815977 1.7665934562683105 68
1668944816025 1.4771702289581299 69
1668944816109 1.7409650087356567 70
1668944816166 1.7249116897583008 71
1668944816220 1.6153790950775146 72
1668944816266 1.9090723991394043 73
1668944816310 1.7682843208312988 74
1668944816356 1.4632714986801147 75
1668944816406 1.7154018878936768 76
1668944816452 1.738341212272644 77
1668944816506 1.7405331134796143 78
1668944816552 1.390381932258606 79
1668944816596 1.4603116512298584 80
1668944816645 1.408865213394165 81
1668944816688 1.4439003467559814 82
1668944816736 1.3991568088531494 83
1668944816782 1.4190738201141357 84
1668944816830 1.5669808387756348 85
1668944816876 1.742038607597351 86
1668944817170 1.4321789741516113 87
1668944817253 1.3826812505722046 88
1668944817341 1.49800705909729 89
1668944819669 1.7169562578201294 90
1668944819713 1.3812274932861328 91
1668944819761 1.539332389831543 92
1668944819810 1.5671868324279785 93
1668944819870 1.4794816970825195 94
1668944819928 1.423632025718689 95
1668944819994 1.2752792835235596 96
1668944820069 1.511978030204773 97
1668944820122 1.4970800876617432 98
1668944820177 1.4222965240478516 99
1668944820225 1.3188490867614746 100
1668944820279 1.5226168632507324 101
1668944820338 1.4088410139083862 102
1668944820399 1.295099139213562 103
1668944820458 1.467031478881836 104
1668944820528 1.4126050472259521 105
1668944820581 1.2871651649475098 106
1668944820631 1.2110806703567505 107
1668944820683 1.275807499885559 108
1668944820731 1.2060573101043701 109
1668944820787 1.3373061418533325 110
1668944820839 1.3506585359573364 111
1668944820890 1.340461254119873 112
1668944820939 1.2398431301116943 113
1668944820994 1.3692435026168823 114
1668944821047 1.1803562641143799 115
1668944821098 1.1876130104064941 116
1668944821152 1.2808194160461426 117
1668944821209 1.4489951133728027 118
1668944821264 1.3426334857940674 119
1668944821321 1.3324129581451416 120
1668944821371 1.269460678100586 121
1668944821428 1.3672468662261963 122
1668944821489 1.1655845642089844 123
1668944821551 1.3734095096588135 124
1668944821619 1.2654507160186768 125
1668944821683 1.2877476215362549 126
1668944821742 1.2924264669418335 127
1668944821795 1.2420471906661987 128
1668944821850 1.2925360202789307 129
1668944821910 1.252805471420288 130
1668944821961 1.2770417928695679 131
1668944822008 1.1146173477172852 132
1668944822055 1.1943397521972656 133
1668944822098 1.2191650867462158 134
1668944822145 1.3784005641937256 135
1668944822204 1.1526639461517334 136
1668944822252 1.2334884405136108 137
1668944822297 1.0480161905288696 138
1668944822348 1.2790350914001465 139
1668944822395 1.4376330375671387 140
1668944822439 1.3436284065246582 141
1668944822493 1.2453265190124512 142
1668944822539 1.058261513710022 143
1668944822588 1.3585546016693115 144
1668944822630 1.0865638256072998 145
1668944822677 1.4152426719665527 146
1668944822729 1.2145371437072754 147
1668944822778 1.160512089729309 148
1668944822831 1.129055142402649 149
1668944822882 1.2501673698425293 150
1668944822950 1.1467158794403076 151
1668944822998 1.106227993965149 152
1668944823048 1.3254413604736328 153
1668944823110 1.1417003870010376 154
1668944823177 1.180224895477295 155
1668944823249 1.0740854740142822 156
1668944823323 1.0931413173675537 157
1668944823393 1.1632180213928223 158
1668944823468 1.1526730060577393 159
1668944823535 1.1806330680847168 160
1668944823619 1.1172181367874146 161
1668944823690 1.1995911598205566 162
1668944823756 1.1898672580718994 163
1668944823824 1.2077001333236694 164
1668944823935 1.2379670143127441 165
1668944824015 1.1161675453186035 166
1668944824092 1.1101696491241455 167
1668944824166 1.0737929344177246 168
1668944824231 1.026581048965454 169
1668944824290 0.9935046434402466 170
1668944824336 1.0896390676498413 171
1668944824381 1.1223481893539429 172
1668944824436 1.098258376121521 173
1668944824489 1.0468411445617676 174
1668944824535 1.2074099779129028 175
1668944824580 1.1944468021392822 176
1668944824631 1.1960663795471191 177
1668944824680 1.0002732276916504 178
1668944824727 1.1012938022613525 179
1668944826781 1.2091162204742432 180
1668944826824 1.1276328563690186 181
1668944826865 0.9416923522949219 182
1668944826905 0.9473930597305298 183
1668944826947 1.1604690551757812 184
1668944826997 1.100812554359436 185
1668944827038 1.026916265487671 186
1668944827079 1.1661362648010254 187
1668944827121 1.0208044052124023 188
1668944827165 1.1243457794189453 189
1668944827212 1.1334712505340576 190
1668944827262 0.9512256383895874 191
1668944827307 0.9740222692489624 192
1668944827344 1.0154105424880981 193
1668944827385 1.0767173767089844 194
1668944827425 1.0026228427886963 195
1668944827464 0.9452837109565735 196
1668944827505 0.9531984329223633 197
1668944827544 1.0572068691253662 198
1668944827582 1.0585007667541504 199
1668944827623 0.9336852431297302 200
1668944827663 0.9387866854667664 201
1668944827703 1.0188703536987305 202
1668944827743 0.8120123147964478 203
1668944827782 0.9284070134162903 204
1668944827823 0.8184012174606323 205
1668944827863 1.0414363145828247 206
1668944827909 1.113111972808838 207
1668944827948 0.9061838388442993 208
1668944827992 1.0584487915039062 209
1668944828031 0.914739727973938 210
1668944828076 0.9467747211456299 211
1668944828116 0.9826470613479614 212
1668944828157 0.9012813568115234 213
1668944828197 1.0628482103347778 214
1668944828239 0.8782163262367249 215
1668944828280 1.0089259147644043 216
1668944828319 1.0431557893753052 217
1668944828359 0.9582335948944092 218
1668944828402 0.9183502197265625 219
1668944828442 1.0128154754638672 220
1668944828484 1.0257489681243896 221
1668944828525 0.8379238843917847 222
1668944828564 0.9180814623832703 223
1668944828605 0.9532356262207031 224
1668944828644 0.7307118773460388 225
1668944828684 0.8670369386672974 226
1668944828723 0.8716467618942261 227
1668944828763 0.8917737007141113 228
1668944828803 0.920722246170044 229
1668944828845 0.7836543321609497 230
1668944828885 0.9735745191574097 231
1668944828926 0.8645399212837219 232
1668944828966 0.8197290301322937 233
1668944829008 1.001717209815979 234
1668944829048 0.8869556188583374 235
1668944829091 0.8222647905349731 236
1668944829139 0.7773333787918091 237
1668944829206 0.9566828608512878 238
1668944829250 1.0674045085906982 239
1668944829289 0.8539342284202576 240
1668944829331 0.8880177140235901 241
1668944829374 0.7969105839729309 242
1668944829413 0.8235843777656555 243
1668944829455 0.9534067511558533 244
1668944829494 0.6291168928146362 245
1668944829532 0.8657591342926025 246
1668944829573 0.8781402111053467 247
1668944829611 0.9272679686546326 248
1668944829649 0.931849479675293 249
1668944829689 0.6641472578048706 250
1668944829727 0.8825573921203613 251
1668944829766 0.7714452743530273 252
1668944829807 0.8811754584312439 253
1668944829844 0.7329950332641602 254
1668944829883 0.8482897281646729 255
1668944829923 0.8831193447113037 256
1668944829961 0.9129842519760132 257
1668944829999 0.6937127709388733 258
1668944830039 0.8002114295959473 259
1668944830076 0.7855173349380493 260
1668944830115 0.7611051797866821 261
1668944830157 0.7649093866348267 262
1668944830206 0.7581660151481628 263
1668944830255 0.7607561349868774 264
1668944830292 0.8493833541870117 265
1668944830331 0.6236549615859985 266
1668944830371 0.8233864307403564 267
1668944830410 0.6665199995040894 268
1668944830446 0.7649976015090942 269
