1668944297724 5.763711929321289 0
1668944297795 9.521265029907227 1
1668944297860 2.626047134399414 2
1668944297914 3.9077813625335693 3
1668944297992 2.7937731742858887 4
1668944298087 2.232395648956299 5
1668944298181 2.383258581161499 6
1668944298263 1.9043831825256348 7
1668944298324 1.6402702331542969 8
1668944298372 1.4200769662857056 9
1668944298422 1.6041024923324585 10
1668944298470 1.3166065216064453 11
1668944298528 1.3708022832870483 12
1668944298570 1.057908535003662 13
1668944298621 1.2525420188903809 14
1668944298692 1.0302735567092896 15
1668944298759 1.0283734798431396 16
1668944298825 0.989391565322876 17
1668944298892 1.1465368270874023 18
1668944298969 1.0209708213806152 19
1668944299048 0.850525975227356 20
1668944299138 0.9235696792602539 21
1668944299230 0.7685500979423523 22
1668944299304 0.9846768975257874 23
1668944299390 0.9153571724891663 24
1668944299490 0.8942520618438721 25
1668944299632 0.7499271631240845 26
1668944299786 0.7197800874710083 27
1668944299952 0.856970489025116 28
1668944300063 0.7973741292953491 29
1668944300148 0.7073690891265869 30
1668944300263 0.7483001947402954 31
1668944300402 0.7212948203086853 32
1668944300492 0.6999911069869995 33
1668944300585 0.6900288462638855 34
1668944300688 0.7012133598327637 35
1668944300783 0.6055459976196289 36
1668944300899 0.5353259444236755 37
1668944300988 0.6827846169471741 38
1668944301102 0.706395149230957 39
1668944301210 0.5436142086982727 40
1668944301288 0.6874456405639648 41
1668944301374 0.5837106704711914 42
1668944301512 0.5473122596740723 43
1668944301622 0.5334798097610474 44
1668944301746 0.4794648587703705 45
1668944301857 0.5205686092376709 46
1668944301964 0.5612371563911438 47
1668944302051 0.5733333230018616 48
1668944302130 0.6712614893913269 49
1668944302246 0.6228845715522766 50
1668944302377 0.4418331980705261 51
1668944302503 0.5096741914749146 52
1668944302604 0.4530463218688965 53
1668944302724 0.5664530992507935 54
1668944302848 0.5552444458007812 55
1668944302954 0.5694938898086548 56
1668944303055 0.47763144969940186 57
1668944303136 0.37651658058166504 58
1668944303220 0.5166471004486084 59
1668944303302 0.5025200247764587 60
1668944303407 0.3870270550251007 61
1668944303502 0.4290328025817871 62
1668944303602 0.343319296836853 63
1668944303687 0.5115500092506409 64
1668944303776 0.4789276719093323 65
1668944303843 0.46496492624282837 66
1668944303912 0.49005740880966187 67
1668944303974 0.4372785687446594 68
1668944304035 0.5192493796348572 69
1668944304101 0.4596109390258789 70
1668944304167 0.32956674695014954 71
1668944304240 0.3468351364135742 72
1668944304317 0.30592745542526245 73
1668944304398 0.40207189321517944 74
1668944304468 0.3615764379501343 75
1668944304537 0.5043236017227173 76
1668944304617 0.3933054208755493 77
1668944304687 0.39301198720932007 78
1668944304761 0.3727068603038788 79
1668944304830 0.39720284938812256 80
1668944304891 0.33163490891456604 81
1668944304964 0.41889315843582153 82
1668944305037 0.3653895854949951 83
1668944305114 0.28426408767700195 84
1668944305190 0.4179719090461731 85
1668944305269 0.36804813146591187 86
1668944305347 0.346513032913208 87
1668944305429 0.40378594398498535 88
1668944305489 0.3497949540615082 89
