1668944297721 12.808980941772461 0
1668944297792 9.847434997558594 1
1668944297856 8.048112869262695 2
1668944297911 3.2730824947357178 3
1668944297989 5.8555521965026855 4
1668944298084 6.132086277008057 5
1668944298178 6.025269508361816 6
1668944298259 3.144216775894165 7
1668944298322 5.822585105895996 8
1668944298370 2.6824941635131836 9
1668944298420 6.264889717102051 10
1668944298468 8.835115432739258 11
1668944298526 5.7639312744140625 12
1668944298568 5.544466972351074 13
1668944298618 5.531189918518066 14
1668944298690 5.894284248352051 15
1668944298756 5.5065531730651855 16
1668944298823 5.833144664764404 17
1668944298889 5.261247158050537 18
1668944298967 5.502941131591797 19
1668944299045 5.593379974365234 20
1668944299135 5.189802169799805 21
1668944299228 5.1416239738464355 22
1668944299301 5.616581439971924 23
1668944299386 5.268993854522705 24
1668944299485 5.237021446228027 25
1668944299629 2.3270363807678223 26
1668944299782 5.543691635131836 27
1668944299949 5.534543991088867 28
1668944300060 2.6010773181915283 29
1668944300145 5.162755012512207 30
1668944300260 5.5789265632629395 31
1668944300399 5.262476921081543 32
1668944300489 5.3820271492004395 33
1668944300583 2.662576675415039 34
1668944300686 5.072504997253418 35
1668944300781 2.076631546020508 36
1668944300896 2.6442928314208984 37
1668944300985 5.6196699142456055 38
1668944301098 2.042652130126953 39
1668944301192 1.9978158473968506 40
1668944301285 1.9557125568389893 41
1668944301371 2.2951712608337402 42
1668944301508 2.983590602874756 43
1668944301619 1.8386582136154175 44
1668944301742 2.4695942401885986 45
1668944301854 1.7853885889053345 46
1668944301962 1.7881795167922974 47
1668944302048 1.846968412399292 48
1668944302127 1.525868535041809 49
1668944302244 1.8247089385986328 50
1668944302372 1.7093496322631836 51
1668944302499 1.65516996383667 52
1668944302601 1.6245042085647583 53
1668944302721 1.7506998777389526 54
1668944302845 1.6825900077819824 55
1668944302951 1.6234915256500244 56
1668944303051 1.604080319404602 57
1668944303133 1.7015953063964844 58
1668944303217 1.6463321447372437 59
1668944303298 1.7913708686828613 60
1668944303404 1.839043140411377 61
1668944303499 1.43110990524292 62
1668944303599 2.021679639816284 63
1668944303684 1.4857856035232544 64
1668944303772 1.677124261856079 65
1668944303838 1.5181770324707031 66
1668944303909 1.5230119228363037 67
1668944303971 1.7820580005645752 68
1668944304032 1.4443961381912231 69
1668944304097 1.5635485649108887 70
1668944304164 1.5633662939071655 71
1668944304236 1.6648333072662354 72
1668944304314 1.7171502113342285 73
1668944304395 1.5680073499679565 74
1668944304465 1.559065818786621 75
1668944304535 1.4000060558319092 76
1668944304614 1.8951053619384766 77
1668944304684 1.5093507766723633 78
1668944304755 1.4935153722763062 79
1668944304826 1.837812900543213 80
1668944304889 1.723667860031128 81
1668944304961 1.5021804571151733 82
1668944305034 1.3900601863861084 83
1668944305111 1.6024138927459717 84
1668944305187 1.3957463502883911 85
1668944305266 1.5385152101516724 86
1668944305343 1.4252827167510986 87
1668944305426 1.4821635484695435 88
1668944305487 1.478855848312378 89
