1668945014949 15.424948692321777 0
1668945014995 9.273455619812012 1
1668945015051 9.31550121307373 2
1668945015095 9.19420337677002 3
1668945015142 8.968838691711426 4
1668945015196 9.51583480834961 5
1668945015243 1.9142189025878906 6
1668945015299 1.6773189306259155 7
1668945015347 1.7037423849105835 8
1668945015405 1.4063045978546143 9
1668945015467 1.6275299787521362 10
1668945015523 1.3674312829971313 11
1668945015582 1.1352449655532837 12
1668945015650 1.0813632011413574 13
1668945015756 1.2570568323135376 14
1668945015828 1.1419007778167725 15
1668945015911 1.0219385623931885 16
1668945016039 0.8458419442176819 17
1668945016123 0.8853405714035034 18
1668945016190 0.9124763011932373 19
1668945016245 1.0147576332092285 20
1668945016300 0.8419975638389587 21
1668945016352 0.801123857498169 22
1668945016403 0.8802602291107178 23
1668945016458 0.6246774196624756 24
1668945016510 0.7702726125717163 25
