1668945014946 15.424948692321777 0
1668945014993 9.271306991577148 1
1668945015047 12.598101615905762 2
1668945015093 9.357004165649414 3
1668945015140 12.332006454467773 4
1668945015194 9.120156288146973 5
1668945015241 9.675048828125 6
1668945015296 8.930908203125 7
1668945015344 6.176095962524414 8
1668945015403 5.920373916625977 9
1668945015465 5.568090438842773 10
1668945015520 6.1984052658081055 11
1668945015579 8.695398330688477 12
1668945015644 2.4539620876312256 13
1668945015752 5.648237228393555 14
1668945015825 2.2344281673431396 15
1668945015908 1.9424554109573364 16
1668945016034 2.2592780590057373 17
1668945016120 1.8736836910247803 18
1668945016189 1.7940151691436768 19
1668945016243 1.7878262996673584 20
1668945016295 1.6300336122512817 21
1668945016350 1.4031745195388794 22
1668945016400 1.4281951189041138 23
1668945016457 1.695892333984375 24
1668945016508 1.408634901046753 25
