1668944560006 9.403321266174316 0
1668944560069 2.4617810249328613 1
1668944560113 6.1911749839782715 2
1668944560157 2.0284059047698975 3
1668944560199 1.786340594291687 4
1668944560243 2.432067394256592 5
1668944560285 1.5832451581954956 6
1668944560333 1.4026994705200195 7
1668944560393 1.2259598970413208 8
1668944560440 1.0666452646255493 9
1668944560505 1.0306615829467773 10
1668944560562 0.806324303150177 11
1668944560623 1.0851266384124756 12
1668944560675 0.8949893712997437 13
1668944560743 1.306727409362793 14
1668944560809 0.8896957039833069 15
1668944560863 0.8828780055046082 16
1668944560930 0.7838242053985596 17
1668944561055 0.756415843963623 18
1668944561138 0.8248817920684814 19
1668944561239 0.8524600267410278 20
1668944561333 0.5916833877563477 21
1668944561416 0.6891452074050903 22
1668944561485 0.6169607043266296 23
1668944561562 0.7207783460617065 24
1668944561625 0.8179566860198975 25
1668944561692 0.724056601524353 26
1668944561768 0.8050885200500488 27
1668944561848 0.5958216786384583 28
1668944561927 0.8143306970596313 29
1668944562017 0.5705910921096802 30
1668944562102 0.618834376335144 31
1668944562168 0.5718998908996582 32
1668944562240 0.7561464905738831 33
1668944562316 0.7931963205337524 34
1668944562403 0.618701696395874 35
1668944562460 0.5263662338256836 36
1668944562522 0.549122154712677 37
1668944562580 0.553848385810852 38
1668944562640 0.4752517342567444 39
1668944562695 0.6634985208511353 40
1668944562753 0.5610122084617615 41
1668944562820 0.5427452921867371 42
1668944562915 0.6373366713523865 43
1668944562997 0.5955122709274292 44
1668944563049 0.622008204460144 45
1668944563106 0.6019888520240784 46
1668944563162 0.67543625831604 47
1668944563224 0.7651387453079224 48
1668944563290 0.5838770270347595 49
1668944563384 0.7133461833000183 50
1668944563505 0.4277324676513672 51
1668944563592 0.5655440092086792 52
1668944563674 0.45824047923088074 53
1668944563758 0.4621560275554657 54
1668944563830 0.50661301612854 55
1668944563900 0.4263385236263275 56
1668944563961 0.5311813950538635 57
1668944564007 0.6090148687362671 58
1668944564054 0.5304893851280212 59
1668944564107 0.5168999433517456 60
1668944564153 0.562544047832489 61
1668944564208 0.46396467089653015 62
1668944564257 0.5778684020042419 63
1668944564307 0.5604556202888489 64
1668944564362 0.5667462348937988 65
1668944564416 0.695880115032196 66
1668944564474 0.48086169362068176 67
1668944564523 0.695803165435791 68
1668944564572 0.6455240845680237 69
1668944564618 0.48744794726371765 70
1668944564665 0.4926696717739105 71
1668944564713 0.643882155418396 72
1668944564757 0.5870317220687866 73
1668944564801 0.6438271999359131 74
1668944564853 0.5300539135932922 75
1668944564925 0.6365267634391785 76
1668944564990 0.562067449092865 77
1668944565039 0.5727661848068237 78
1668944565092 0.5956266522407532 79
1668944565141 0.5731452703475952 80
1668944565191 0.5710347890853882 81
1668944565240 0.5535567998886108 82
1668944565292 0.6136174201965332 83
1668944565343 0.5671325922012329 84
1668944565393 0.7562926411628723 85
1668944565440 0.5488828420639038 86
1668944565494 0.4887179732322693 87
1668944565549 0.8427753448486328 88
1668944565602 0.6350895166397095 89
