1668944560001 12.360075950622559 0
1668944560068 15.424948692321777 1
1668944560112 9.63618278503418 2
1668944560155 9.17864990234375 3
1668944560196 9.025897979736328 4
1668944560240 9.171525955200195 5
1668944560282 6.15139102935791 6
1668944560330 5.587774276733398 7
1668944560391 6.306501388549805 8
1668944560438 8.83466911315918 9
1668944560503 2.6389522552490234 10
1668944560561 8.596336364746094 11
1668944560621 2.2762374877929688 12
1668944560672 2.1898961067199707 13
1668944560741 1.7296254634857178 14
1668944560808 2.3462343215942383 15
1668944560861 1.7272632122039795 16
1668944560926 1.6361348628997803 17
1668944561053 1.6009917259216309 18
1668944561133 1.3346490859985352 19
1668944561236 1.592522382736206 20
1668944561330 1.6969980001449585 21
1668944561413 1.5725061893463135 22
1668944561481 1.5192785263061523 23
1668944561559 1.3555662631988525 24
1668944561623 1.266088843345642 25
1668944561689 1.3458547592163086 26
1668944561766 1.2546117305755615 27
1668944561845 1.1040462255477905 28
1668944561923 1.1083126068115234 29
1668944562013 1.2109241485595703 30
1668944562099 1.2725034952163696 31
1668944562166 1.1533443927764893 32
1668944562235 0.9160163998603821 33
1668944562314 0.8802835941314697 34
1668944562400 1.0471887588500977 35
1668944562457 1.2267601490020752 36
1668944562518 1.1464362144470215 37
1668944562577 1.1785569190979004 38
1668944562636 1.138120412826538 39
1668944562693 1.0029414892196655 40
1668944562750 1.0394657850265503 41
1668944562816 1.2632360458374023 42
1668944562913 1.115802526473999 43
1668944562993 1.1026703119277954 44
1668944563046 0.953765869140625 45
1668944563102 0.8908176422119141 46
1668944563161 0.9284132719039917 47
1668944563220 0.789259135723114 48
1668944563286 0.8701301217079163 49
1668944563381 1.006676435470581 50
1668944563502 1.1467691659927368 51
1668944563590 0.9699727892875671 52
1668944563669 1.0622611045837402 53
1668944563755 1.0670791864395142 54
1668944563827 1.0107715129852295 55
1668944563896 1.1563267707824707 56
1668944563959 1.1655941009521484 57
1668944564005 1.0636852979660034 58
1668944564052 1.0609345436096191 59
1668944564102 1.1331452131271362 60
1668944564151 1.0475964546203613 61
1668944564206 1.1156985759735107 62
1668944564255 1.059861183166504 63
1668944564304 0.9431746602058411 64
1668944564361 1.1612780094146729 65
1668944564414 0.9586616158485413 66
1668944564472 1.1636009216308594 67
1668944564519 0.8824248909950256 68
1668944564569 0.8337357044219971 69
1668944564616 1.0648586750030518 70
1668944564664 1.1476558446884155 71
1668944564711 1.1219096183776855 72
1668944564755 0.9432736039161682 73
1668944564799 0.9641954898834229 74
1668944564851 1.0761473178863525 75
1668944564922 1.1141079664230347 76
1668944564986 1.0930720567703247 77
1668944565035 1.011396050453186 78
1668944565089 0.9211649298667908 79
1668944565139 0.9960818290710449 80
1668944565188 0.9141960144042969 81
1668944565238 1.0447299480438232 82
1668944565289 1.0498147010803223 83
1668944565340 0.8847886323928833 84
1668944565391 0.9143097400665283 85
1668944565436 1.155775547027588 86
1668944565492 1.1231564283370972 87
1668944565547 0.8327074646949768 88
1668944565601 0.9938953518867493 89
