1668944528005 6.4856109619140625 0
1668944528059 4.019741535186768 1
1668944528099 1.9476217031478882 2
1668944528140 5.3633575439453125 3
1668944528178 1.7242029905319214 4
1668944528221 2.3710265159606934 5
1668944528270 1.690503478050232 6
1668944528329 1.4380125999450684 7
1668944528396 1.5587060451507568 8
1668944528454 1.27664315700531 9
1668944528508 1.1020411252975464 10
1668944528560 1.6804063320159912 11
1668944528621 1.2986247539520264 12
1668944528685 1.2338107824325562 13
1668944528761 1.1835647821426392 14
1668944528818 0.9276150465011597 15
1668944528885 1.081854224205017 16
1668944528957 0.936166524887085 17
1668944529024 0.9428104162216187 18
1668944529088 0.919227123260498 19
1668944529158 1.0264155864715576 20
1668944529232 1.2015926837921143 21
1668944529307 0.9642521142959595 22
1668944529374 0.9233493208885193 23
1668944529440 0.9635183811187744 24
1668944529518 0.8725316524505615 25
1668944529601 0.7941890954971313 26
1668944529661 1.0308401584625244 27
1668944529715 0.9488979578018188 28
1668944529777 0.8369703888893127 29
1668944529878 0.9613062143325806 30
1668944529951 0.7768503427505493 31
1668944530017 0.812868058681488 32
1668944530082 0.8089499473571777 33
1668944530156 0.8728936910629272 34
1668944530208 0.7305035591125488 35
1668944530262 0.7406302690505981 36
1668944530312 0.8405971527099609 37
1668944530368 0.624738335609436 38
1668944530426 0.6812192797660828 39
1668944530477 0.7839462161064148 40
1668944530518 0.7725831270217896 41
1668944530567 0.5293954610824585 42
1668944530614 0.6927464604377747 43
1668944530666 0.6629356145858765 44
1668944530715 0.6610210537910461 45
1668944530760 0.6727907657623291 46
1668944530809 0.7218785881996155 47
1668944530858 0.6616356372833252 48
1668944530909 0.5157858729362488 49
1668944530953 0.5097860097885132 50
1668944531002 0.5983573794364929 51
1668944531051 0.5332418084144592 52
1668944531102 0.7356505393981934 53
1668944531182 0.6228851675987244 54
1668944531270 0.6368629336357117 55
1668944531336 0.7294630408287048 56
1668944531401 0.6775704622268677 57
1668944531468 0.6327872276306152 58
1668944531525 0.5507564544677734 59
1668944531574 0.5872083902359009 60
1668944531618 0.6128677129745483 61
1668944531663 0.5516216158866882 62
1668944531708 0.42335236072540283 63
1668944531754 0.6263918876647949 64
1668944531808 0.4473559260368347 65
1668944531880 0.42307791113853455 66
1668944531930 0.38128671050071716 67
1668944531978 0.4507540762424469 68
1668944532024 0.4969674348831177 69
1668944532069 0.408002108335495 70
1668944532121 0.4483455419540405 71
1668944532182 0.3760536313056946 72
1668944532246 0.6581593751907349 73
1668944532309 0.5420225262641907 74
1668944532380 0.5052163600921631 75
1668944532442 0.4666599631309509 76
1668944532515 0.3578443229198456 77
1668944532577 0.46936288475990295 78
1668944532630 0.36041057109832764 79
1668944532676 0.4335241913795471 80
1668944532724 0.4403603672981262 81
1668944532769 0.4246078133583069 82
1668944532817 0.4499607980251312 83
1668944532866 0.36129236221313477 84
1668944532914 0.38842225074768066 85
1668944532961 0.49697813391685486 86
1668944533010 0.4233648180961609 87
1668944533056 0.38208428025245667 88
1668944533103 0.3876744508743286 89
