1668944528003 7.403079032897949 0
1668944528056 5.639031887054443 1
1668944528097 2.917588233947754 2
1668944528138 2.9517300128936768 3
1668944528177 3.284921646118164 4
1668944528218 2.813340425491333 5
1668944528266 3.1581664085388184 6
1668944528326 3.120997905731201 7
1668944528393 3.232234001159668 8
1668944528451 3.2989840507507324 9
1668944528505 2.701284885406494 10
1668944528558 2.562628984451294 11
1668944528618 2.3601536750793457 12
1668944528680 2.588606595993042 13
1668944528758 2.155627489089966 14
1668944528815 2.1296000480651855 15
1668944528881 2.5103437900543213 16
1668944528952 2.2021963596343994 17
1668944529020 2.1177992820739746 18
1668944529086 2.0467100143432617 19
1668944529155 2.2253165245056152 20
1668944529230 2.009589433670044 21
1668944529303 2.1329917907714844 22
1668944529370 2.131350040435791 23
1668944529436 1.8289766311645508 24
1668944529516 1.9328842163085938 25
1668944529599 1.8786993026733398 26
1668944529658 2.0599417686462402 27
1668944529713 1.6875243186950684 28
1668944529774 1.8573126792907715 29
1668944529875 1.603631615638733 30
1668944529949 2.0903539657592773 31
1668944530014 1.775402545928955 32
1668944530080 1.7124031782150269 33
1668944530152 1.8596986532211304 34
1668944530206 1.8522523641586304 35
1668944530260 2.029741048812866 36
1668944530310 1.7162272930145264 37
1668944530366 1.9163110256195068 38
1668944530423 1.6948434114456177 39
1668944530475 1.613936185836792 40
1668944530517 2.072571039199829 41
1668944530565 1.751948356628418 42
1668944530613 1.7184275388717651 43
1668944530664 1.540205478668213 44
1668944530714 1.6882388591766357 45
1668944530759 1.6787091493606567 46
1668944530806 1.6738848686218262 47
1668944530856 1.622211217880249 48
1668944530906 1.6632170677185059 49
1668944530951 1.797144889831543 50
1668944531000 1.612734079360962 51
1668944531049 1.8518555164337158 52
1668944531099 1.4803788661956787 53
1668944531180 1.5483629703521729 54
1668944531267 1.6525131464004517 55
1668944531333 1.324966549873352 56
1668944531398 1.5847537517547607 57
1668944531466 1.5642907619476318 58
1668944531523 1.5509605407714844 59
1668944531571 1.5164639949798584 60
1668944531617 1.6636428833007812 61
1668944531661 1.7533118724822998 62
1668944531706 1.5222116708755493 63
1668944531752 1.570366621017456 64
1668944531803 1.7287447452545166 65
1668944531877 1.6035346984863281 66
1668944531928 1.4678772687911987 67
1668944531977 1.5316383838653564 68
1668944532020 1.423987865447998 69
1668944532067 1.503290057182312 70
1668944532119 1.3623460531234741 71
1668944532180 1.6413856744766235 72
1668944532243 1.3475849628448486 73
1668944532307 1.3752806186676025 74
1668944532377 1.4474270343780518 75
1668944532439 1.5131444931030273 76
1668944532512 1.5708796977996826 77
1668944532574 1.4553900957107544 78
1668944532628 1.4109745025634766 79
1668944532673 1.3369261026382446 80
1668944532722 1.4258556365966797 81
1668944532767 1.4574230909347534 82
1668944532815 1.3323217630386353 83
1668944532863 1.5337862968444824 84
1668944532913 1.357014536857605 85
1668944532959 1.139025092124939 86
1668944533008 1.3318541049957275 87
1668944533053 1.335642695426941 88
1668944533100 1.2052359580993652 89
