1668944457015 5.994594097137451 0
1668944457079 6.501142501831055 1
1668944457131 3.267897605895996 2
1668944457175 2.5567867755889893 3
1668944457218 1.6686890125274658 4
1668944457260 1.7497493028640747 5
1668944457308 1.4556488990783691 6
1668944457355 1.3205806016921997 7
1668944457410 1.2918670177459717 8
1668944457484 1.2890565395355225 9
1668944457563 1.1213845014572144 10
1668944457652 1.2358204126358032 11
1668944457755 1.0709797143936157 12
1668944457863 1.2211805582046509 13
1668944457943 1.1459217071533203 14
1668944458009 0.892559289932251 15
1668944458070 0.8024777770042419 16
1668944458126 0.8925307393074036 17
1668944458197 0.8697891235351562 18
1668944458263 0.9639130234718323 19
1668944458320 0.8240659236907959 20
1668944458372 0.8226078152656555 21
1668944458427 0.6996707916259766 22
1668944458485 0.7986298203468323 23
1668944458542 0.8100126385688782 24
1668944458604 0.8107503652572632 25
1668944458660 0.5846472978591919 26
1668944458720 0.7175230383872986 27
1668944458785 0.7569980621337891 28
1668944458842 0.5764755606651306 29
1668944458903 0.5654693841934204 30
1668944458965 0.580115795135498 31
1668944459029 0.5587459802627563 32
1668944459098 0.6844573616981506 33
1668944459160 0.4827553331851959 34
1668944459228 0.5886998176574707 35
1668944459304 0.5657542943954468 36
1668944459365 0.5418556928634644 37
1668944459424 0.5075266361236572 38
1668944459479 0.4335779547691345 39
1668944459537 0.5563452243804932 40
1668944459594 0.5211954712867737 41
1668944459653 0.4804270565509796 42
1668944459707 0.444482684135437 43
1668944459762 0.45689165592193604 44
1668944459815 0.443217933177948 45
1668944459867 0.5224243402481079 46
1668944459918 0.4587351679801941 47
1668944459974 0.35302579402923584 48
1668944460019 0.5434497594833374 49
1668944460062 0.45231831073760986 50
1668944460107 0.35779869556427 51
1668944460149 0.4433120787143707 52
1668944460189 0.4201515316963196 53
1668944460232 0.5318813920021057 54
1668944460278 0.4117106795310974 55
1668944460314 0.3139883279800415 56
1668944460358 0.4234510064125061 57
1668944460402 0.4289378821849823 58
1668944460443 0.4692814350128174 59
1668944460482 0.4098649024963379 60
1668944460530 0.4650488495826721 61
1668944460585 0.3674662411212921 62
1668944460640 0.3798917829990387 63
1668944460691 0.39816921949386597 64
1668944460742 0.4221762418746948 65
1668944460796 0.36483287811279297 66
1668944460868 0.5022968053817749 67
1668944460932 0.4222952723503113 68
1668944460986 0.37467584013938904 69
1668944461041 0.43486687541007996 70
1668944461092 0.387199342250824 71
1668944461136 0.4051702618598938 72
1668944461180 0.4089934229850769 73
1668944461225 0.5209646224975586 74
1668944461271 0.435994029045105 75
1668944461351 0.3510889410972595 76
1668944461421 0.3931034803390503 77
1668944461468 0.48267674446105957 78
1668944461515 0.4407430589199066 79
1668944461570 0.2756594121456146 80
1668944461620 0.3340071737766266 81
1668944461661 0.4807165861129761 82
1668944461702 0.3687233626842499 83
1668944461745 0.3880275785923004 84
1668944461788 0.45019927620887756 85
1668944461834 0.49370574951171875 86
1668944461882 0.4014088213443756 87
1668944461927 0.4265625774860382 88
1668944461974 0.5390843152999878 89
1668944464052 0.41704851388931274 90
1668944464107 0.41649433970451355 91
1668944464159 0.42821961641311646 92
1668944464215 0.32407820224761963 93
1668944464268 0.3924886882305145 94
1668944464334 0.3983517587184906 95
1668944464404 0.4022733271121979 96
1668944464473 0.33274877071380615 97
1668944464542 0.5124545693397522 98
1668944464623 0.4041746258735657 99
1668944464756 0.2790616452693939 100
1668944464842 0.43630972504615784 101
1668944464903 0.4527376592159271 102
1668944464964 0.26039475202560425 103
1668944465023 0.4032256603240967 104
1668944465079 0.4208841025829315 105
1668944465131 0.4300042986869812 106
1668944465182 0.4154876470565796 107
1668944465240 0.3611025810241699 108
1668944465295 0.45589667558670044 109
1668944465354 0.34578636288642883 110
1668944465416 0.44959619641304016 111
1668944465517 0.34856322407722473 112
1668944465606 0.47256946563720703 113
1668944465692 0.41366010904312134 114
1668944465773 0.4462878406047821 115
1668944465862 0.5347977876663208 116
1668944465964 0.346852570772171 117
1668944466055 0.45220404863357544 118
1668944466134 0.44305843114852905 119
1668944466212 0.42511221766471863 120
1668944466285 0.4272511601448059 121
1668944466364 0.4850120544433594 122
1668944466445 0.35982298851013184 123
1668944466537 0.5676854848861694 124
1668944466629 0.43645504117012024 125
1668944466706 0.5203579068183899 126
1668944466836 0.4389207661151886 127
1668944466926 0.4799024164676666 128
1668944467002 0.41632184386253357 129
1668944467091 0.42434293031692505 130
1668944467166 0.45986616611480713 131
1668944467241 0.44824934005737305 132
1668944467301 0.46455660462379456 133
1668944467359 0.5394617915153503 134
1668944467420 0.45278358459472656 135
1668944467499 0.493960440158844 136
1668944467578 0.40086671710014343 137
1668944467656 0.5454018115997314 138
1668944467725 0.5162478685379028 139
1668944467808 0.4362795352935791 140
1668944467889 0.4741230010986328 141
1668944467953 0.5665943622589111 142
1668944468011 0.5051336288452148 143
1668944468070 0.46549469232559204 144
1668944468155 0.5054154396057129 145
1668944468232 0.6040939092636108 146
1668944468286 0.4855928122997284 147
1668944468344 0.5012967586517334 148
1668944468391 0.45951226353645325 149
1668944468437 0.5074693560600281 150
1668944468485 0.5620834827423096 151
1668944468530 0.44729605317115784 152
1668944468575 0.534942626953125 153
1668944468625 0.49596714973449707 154
1668944468668 0.47058019042015076 155
1668944468712 0.4763685464859009 156
1668944468760 0.41264304518699646 157
1668944468809 0.4723138213157654 158
1668944468859 0.4364933967590332 159
1668944468901 0.4000133275985718 160
1668944468951 0.6359578967094421 161
1668944469002 0.5227645039558411 162
1668944469052 0.5088187456130981 163
1668944469105 0.5276386737823486 164
1668944469154 0.5515938401222229 165
1668944469201 0.509026288986206 166
1668944469255 0.47632119059562683 167
1668944469310 0.4242289662361145 168
1668944469375 0.5760096311569214 169
1668944469455 0.42614513635635376 170
1668944469533 0.7114953994750977 171
1668944469599 0.5153542757034302 172
1668944469651 0.4830683767795563 173
1668944469709 0.5383918881416321 174
1668944469779 0.5287065505981445 175
1668944469849 0.5842939615249634 176
1668944469904 0.5458816289901733 177
1668944469971 0.664623498916626 178
1668944470028 0.5392638444900513 179
1668944472213 0.5273674130439758 180
1668944472257 0.5046272277832031 181
1668944472301 0.47098684310913086 182
1668944472342 0.4961746633052826 183
1668944472383 0.6241621375083923 184
1668944472430 0.4239152669906616 185
1668944472468 0.48657679557800293 186
1668944472511 0.7042557597160339 187
1668944472547 0.5110973119735718 188
1668944472586 0.6622960567474365 189
1668944472625 0.4087616205215454 190
1668944472666 0.49534621834754944 191
1668944472710 0.5957401394844055 192
1668944472752 0.6550812721252441 193
1668944472803 0.5744810104370117 194
1668944472846 0.7372288107872009 195
1668944472886 0.5014024972915649 196
1668944472927 0.4779858887195587 197
1668944472968 0.4891066253185272 198
1668944473008 0.4476708769798279 199
1668944473049 0.5914293527603149 200
1668944473089 0.6006179451942444 201
1668944473130 0.6658815145492554 202
1668944473170 0.6215291619300842 203
1668944473210 0.6288572549819946 204
1668944473250 0.4138793349266052 205
1668944473291 0.708831787109375 206
1668944473332 0.6050935983657837 207
1668944473375 0.5722507834434509 208
1668944473417 0.4829535484313965 209
1668944473458 0.652655303478241 210
1668944473498 0.6053338646888733 211
1668944473537 0.48179781436920166 212
1668944473579 0.5305321216583252 213
1668944473619 0.6510162353515625 214
1668944473659 0.5655444264411926 215
1668944473701 0.5570144057273865 216
1668944473743 0.5144963264465332 217
1668944473789 0.5652611255645752 218
1668944473840 0.6146789193153381 219
1668944473881 0.6397075653076172 220
1668944473921 0.6932327151298523 221
1668944473962 0.5191466808319092 222
1668944474001 0.5862568616867065 223
1668944474041 0.7963485717773438 224
1668944474080 0.5037683248519897 225
1668944474121 0.6513818502426147 226
1668944474162 0.6300142407417297 227
1668944474203 0.6371282339096069 228
1668944474242 0.61769700050354 229
1668944474281 0.7427653074264526 230
1668944474325 0.5988127589225769 231
1668944474365 0.6457757353782654 232
1668944474405 0.771253228187561 233
1668944474448 0.5594017505645752 234
1668944474487 0.685536801815033 235
1668944474535 0.6760811805725098 236
1668944474576 0.6604853272438049 237
1668944474619 0.5918333530426025 238
1668944474663 0.5890235900878906 239
1668944474705 0.752092182636261 240
1668944474748 0.5576201677322388 241
1668944474792 0.5768706798553467 242
1668944474837 0.7612005472183228 243
1668944474884 0.6253941655158997 244
1668944474927 0.5306582450866699 245
1668944474969 0.7133572101593018 246
1668944475015 0.7105233669281006 247
1668944475058 0.47829246520996094 248
1668944475099 0.4791036546230316 249
1668944475143 0.5374307036399841 250
1668944475185 0.5477656722068787 251
1668944475227 0.5301255583763123 252
1668944475270 0.669003963470459 253
1668944475313 0.6273378133773804 254
1668944475361 0.48930680751800537 255
1668944475405 0.48077577352523804 256
1668944475451 0.5288225412368774 257
1668944475492 0.6291135549545288 258
1668944475532 0.5182141661643982 259
1668944475573 0.6208243370056152 260
1668944475614 0.5257218480110168 261
1668944475659 0.6093438863754272 262
1668944475711 0.6630001068115234 263
1668944475766 0.5630056858062744 264
1668944475811 0.7154234647750854 265
1668944475854 0.6085250377655029 266
1668944475896 0.6610221862792969 267
1668944475938 0.7867869138717651 268
1668944475983 0.5684300661087036 269
