1668944457013 10.047750473022461 0
1668944457077 9.734999656677246 1
1668944457129 3.9025802612304688 2
1668944457172 3.2193222045898438 3
1668944457216 4.545557498931885 4
1668944457257 2.875067710876465 5
1668944457304 6.186570167541504 6
1668944457352 6.128929615020752 7
1668944457407 5.839637279510498 8
1668944457481 2.6575098037719727 9
1668944457560 2.3159470558166504 10
1668944457645 2.7499685287475586 11
1668944457752 3.0356698036193848 12
1668944457860 2.6255855560302734 13
1668944457940 2.6289212703704834 14
1668944458007 2.7192542552948 15
1668944458068 5.579000949859619 16
1668944458124 2.334782123565674 17
1668944458195 2.5112085342407227 18
1668944458260 2.2672834396362305 19
1668944458318 2.4955639839172363 20
1668944458369 2.52713680267334 21
1668944458424 2.007200002670288 22
1668944458483 2.1519558429718018 23
1668944458540 1.9829974174499512 24
1668944458601 2.250606060028076 25
1668944458657 2.670534610748291 26
1668944458718 2.0365536212921143 27
1668944458782 2.0020663738250732 28
1668944458839 2.0399208068847656 29
1668944458900 2.3843724727630615 30
1668944458962 2.4750142097473145 31
1668944459026 1.9812381267547607 32
1668944459096 1.9359947443008423 33
1668944459157 2.500526189804077 34
1668944459224 1.909529447555542 35
1668944459301 1.8350374698638916 36
1668944459362 2.0402095317840576 37
1668944459422 2.0364246368408203 38
1668944459477 2.05892014503479 39
1668944459534 2.1393747329711914 40
1668944459592 1.6350786685943604 41
1668944459650 1.6489708423614502 42
1668944459704 2.122117042541504 43
1668944459759 1.4878602027893066 44
1668944459813 1.9115676879882812 45
1668944459864 1.8162999153137207 46
1668944459915 1.876530408859253 47
1668944459971 1.752030372619629 48
1668944460016 1.5651087760925293 49
1668944460060 1.652510643005371 50
1668944460105 1.7767781019210815 51
1668944460147 1.5990040302276611 52
1668944460188 1.6399691104888916 53
1668944460231 1.5987272262573242 54
1668944460275 1.4352762699127197 55
1668944460312 1.743170142173767 56
1668944460356 1.3595000505447388 57
1668944460400 1.2928378582000732 58
1668944460442 1.7786797285079956 59
1668944460481 1.3554710149765015 60
1668944460528 1.3019273281097412 61
1668944460582 1.3420147895812988 62
1668944460638 1.56000816822052 63
1668944460688 1.3926036357879639 64
1668944460739 1.3736193180084229 65
1668944460793 1.4624974727630615 66
1668944460865 1.3695859909057617 67
1668944460929 1.538740634918213 68
1668944460982 1.3115646839141846 69
1668944461039 1.1662614345550537 70
1668944461090 1.3997225761413574 71
1668944461134 1.2575883865356445 72
1668944461178 1.3594157695770264 73
1668944461223 1.1184732913970947 74
1668944461270 1.2310292720794678 75
1668944461349 1.3316807746887207 76
1668944461418 1.3380861282348633 77
1668944461466 1.2035930156707764 78
1668944461513 1.2175960540771484 79
1668944461569 1.4969099760055542 80
1668944461617 1.3312976360321045 81
1668944461659 1.0949993133544922 82
1668944461700 1.2178691625595093 83
1668944461743 1.3350563049316406 84
1668944461786 1.157315731048584 85
1668944461832 1.1873929500579834 86
1668944461881 1.3518880605697632 87
1668944461925 1.1893107891082764 88
1668944461972 1.200093150138855 89
1668944464050 1.366410493850708 90
1668944464105 1.1895315647125244 91
1668944464156 1.191563606262207 92
1668944464213 1.4051889181137085 93
1668944464264 1.3273812532424927 94
1668944464331 1.4788341522216797 95
1668944464401 1.3074114322662354 96
1668944464471 1.3004720211029053 97
1668944464536 1.1164560317993164 98
1668944464620 1.216385006904602 99
1668944464753 1.5047576427459717 100
1668944464839 1.3393328189849854 101
1668944464900 1.4834790229797363 102
1668944464962 1.540036916732788 103
1668944465021 1.300232172012329 104
1668944465076 1.135089635848999 105
1668944465129 1.500123143196106 106
1668944465179 1.2749965190887451 107
1668944465237 1.5586024522781372 108
1668944465292 1.1417577266693115 109
1668944465352 1.2620627880096436 110
1668944465413 1.2278540134429932 111
1668944465514 1.3559863567352295 112
1668944465603 1.2217304706573486 113
1668944465688 1.169339895248413 114
1668944465770 1.2113901376724243 115
1668944465859 1.276413083076477 116
1668944465954 1.7694469690322876 117
1668944466052 1.2232872247695923 118
1668944466131 1.2543584108352661 119
1668944466209 1.4967186450958252 120
1668944466283 1.294224739074707 121
1668944466359 1.3878259658813477 122
1668944466440 1.2311841249465942 123
1668944466534 1.017594337463379 124
1668944466625 1.1771018505096436 125
1668944466702 1.1023516654968262 126
1668944466833 1.2793720960617065 127
1668944466922 1.2459012269973755 128
1668944466999 1.2938560247421265 129
1668944467086 1.2740761041641235 130
1668944467163 1.14011549949646 131
1668944467237 1.2875336408615112 132
1668944467299 1.2701268196105957 133
1668944467354 1.1235796213150024 134
1668944467418 1.2042710781097412 135
1668944467497 1.1931736469268799 136
1668944467571 1.3419159650802612 137
1668944467653 1.1098012924194336 138
1668944467720 1.1734166145324707 139
1668944467805 1.1410183906555176 140
1668944467886 1.0835719108581543 141
1668944467951 1.2997245788574219 142
1668944468007 1.1807843446731567 143
1668944468068 1.2929035425186157 144
1668944468152 1.356446385383606 145
1668944468230 1.2429826259613037 146
1668944468284 1.2941558361053467 147
1668944468342 1.3278883695602417 148
1668944468387 1.3078261613845825 149
1668944468435 0.9755710959434509 150
1668944468482 1.0951175689697266 151
1668944468529 1.2936464548110962 152
1668944468572 1.2827999591827393 153
1668944468622 1.1879396438598633 154
1668944468666 1.303250789642334 155
1668944468710 1.2154390811920166 156
1668944468758 1.3028323650360107 157
1668944468805 1.0326404571533203 158
1668944468856 1.3046683073043823 159
1668944468899 1.3658162355422974 160
1668944468949 1.0783659219741821 161
1668944469000 1.0947648286819458 162
1668944469050 1.442803144454956 163
1668944469102 1.0721944570541382 164
1668944469152 1.122064471244812 165
1668944469199 1.3491482734680176 166
1668944469253 1.3767287731170654 167
1668944469308 1.3195157051086426 168
1668944469372 1.0121917724609375 169
1668944469453 1.4108781814575195 170
1668944469531 1.059306263923645 171
1668944469597 1.2579426765441895 172
1668944469648 1.0586223602294922 173
1668944469704 1.0470126867294312 174
1668944469776 1.1568489074707031 175
1668944469847 1.151959776878357 176
1668944469902 1.0437414646148682 177
1668944469968 1.2439137697219849 178
1668944470024 1.1549313068389893 179
1668944472208 1.2938392162322998 180
1668944472254 1.0761067867279053 181
1668944472300 1.3965892791748047 182
1668944472338 1.249563455581665 183
1668944472382 1.0576364994049072 184
1668944472429 1.1682151556015015 185
1668944472467 1.2927660942077637 186
1668944472509 1.0664334297180176 187
1668944472545 1.2418278455734253 188
1668944472585 1.01743483543396 189
1668944472623 1.456352949142456 190
1668944472665 1.2030740976333618 191
1668944472708 0.9812881946563721 192
1668944472750 1.1627408266067505 193
1668944472801 1.134089469909668 194
1668944472844 0.8471962213516235 195
1668944472885 1.349377155303955 196
1668944472925 1.3740187883377075 197
1668944472966 1.2330079078674316 198
1668944473005 1.230427861213684 199
1668944473047 1.2115917205810547 200
1668944473088 1.191068172454834 201
1668944473128 1.0452768802642822 202
1668944473169 1.054323434829712 203
1668944473209 1.1564171314239502 204
1668944473249 1.3740055561065674 205
1668944473289 1.1996506452560425 206
1668944473330 1.170961618423462 207
1668944473373 1.178467035293579 208
1668944473416 1.2379239797592163 209
1668944473455 1.1406784057617188 210
1668944473497 1.313173532485962 211
1668944473536 1.2360587120056152 212
1668944473578 1.2293972969055176 213
1668944473617 1.0980080366134644 214
1668944473658 1.1209774017333984 215
1668944473699 1.186693549156189 216
1668944473741 1.1692029237747192 217
1668944473787 1.0734939575195312 218
1668944473838 1.092224359512329 219
1668944473881 1.274666666984558 220
1668944473920 1.1911821365356445 221
1668944473960 1.2543911933898926 222
1668944474000 1.3610355854034424 223
1668944474039 1.2104487419128418 224
1668944474079 1.3192245960235596 225
1668944474119 1.1216766834259033 226
1668944474161 1.2867037057876587 227
1668944474200 1.0891966819763184 228
1668944474240 1.148554801940918 229
1668944474280 1.0516729354858398 230
1668944474321 0.9979628920555115 231
1668944474364 1.0919275283813477 232
1668944474403 0.9004583358764648 233
1668944474447 0.9812042713165283 234
1668944474485 1.1210919618606567 235
1668944474533 0.9348386526107788 236
1668944474573 1.2066593170166016 237
1668944474617 1.2663841247558594 238
1668944474662 0.9913362264633179 239
1668944474703 0.9708566665649414 240
1668944474746 1.0551044940948486 241
1668944474788 0.9366206526756287 242
1668944474836 1.0323879718780518 243
1668944474882 1.1615781784057617 244
1668944474925 1.2022438049316406 245
1668944474968 1.093498706817627 246
1668944475013 0.9842972755432129 247
1668944475054 1.185129165649414 248
1668944475097 1.230910301208496 249
1668944475140 0.9441145658493042 250
1668944475184 1.1932836771011353 251
1668944475226 1.2074148654937744 252
1668944475268 1.1753747463226318 253
1668944475311 1.1394022703170776 254
1668944475358 1.348714828491211 255
1668944475403 1.2956562042236328 256
1668944475450 1.0895540714263916 257
1668944475489 1.1957863569259644 258
1668944475530 1.1409785747528076 259
1668944475571 1.032016634941101 260
1668944475614 1.26372230052948 261
1668944475656 1.0829167366027832 262
1668944475708 1.18771493434906 263
1668944475765 1.135254144668579 264
1668944475810 0.9589766263961792 265
1668944475852 1.2732716798782349 266
1668944475895 1.0147435665130615 267
1668944475937 0.8611457347869873 268
1668944475981 1.1922858953475952 269
