1668944879527 12.916788101196289 0
1668944879586 6.948469161987305 1
1668944879628 3.0991127490997314 2
1668944879669 5.890940189361572 3
1668944879709 5.212078094482422 4
1668944879748 5.87192964553833 5
1668944879794 2.3863790035247803 6
1668944879836 1.7892894744873047 7
1668944879884 1.3047047853469849 8
1668944879947 1.5331288576126099 9
1668944880006 1.36977219581604 10
1668944880063 1.4792925119400024 11
1668944880119 1.8462936878204346 12
1668944880165 1.178387999534607 13
1668944880226 1.4464839696884155 14
1668944880286 1.091927170753479 15
1668944880344 1.214895486831665 16
1668944880407 1.1701213121414185 17
1668944880469 0.9170448780059814 18
1668944880532 1.1917316913604736 19
1668944880616 1.1769100427627563 20
1668944880742 0.892045259475708 21
1668944880844 0.8719393610954285 22
1668944880918 1.0369594097137451 23
1668944880990 0.8532935380935669 24
1668944881069 0.7714289426803589 25
1668944881168 0.8651419878005981 26
1668944881252 0.9209595322608948 27
1668944881336 0.6963276267051697 28
1668944881418 0.736219048500061 29
1668944881500 0.7742375135421753 30
1668944881576 0.7210285663604736 31
1668944881654 0.9275623559951782 32
1668944881722 0.8239578008651733 33
1668944881797 0.7808204889297485 34
1668944881871 0.7836495637893677 35
1668944881935 0.7778584957122803 36
1668944882002 0.6543500423431396 37
1668944882087 0.7124650478363037 38
1668944882165 0.7726423740386963 39
1668944882237 0.7232562899589539 40
1668944882304 0.6377919912338257 41
1668944882372 0.595513105392456 42
1668944882438 0.5093553066253662 43
1668944882508 0.5727640390396118 44
1668944882557 0.6097862720489502 45
1668944882604 0.5429151058197021 46
1668944882652 0.6251923441886902 47
1668944882697 0.604306697845459 48
1668944882744 0.5719728469848633 49
1668944882801 0.7970656156539917 50
1668944882847 0.5644448399543762 51
1668944882896 0.5547260642051697 52
1668944882946 0.8004439473152161 53
1668944882993 0.7190730571746826 54
1668944883038 0.6753652691841125 55
1668944883096 0.6102675795555115 56
1668944883144 0.6997445225715637 57
1668944883190 0.7275944352149963 58
1668944883236 0.5764723420143127 59
1668944883284 0.7210079431533813 60
1668944883335 0.5377100706100464 61
1668944883390 0.588310956954956 62
1668944883485 0.578106701374054 63
1668944883569 0.6202609539031982 64
1668944883636 0.6383175849914551 65
1668944883697 0.63980633020401 66
1668944883756 0.49834495782852173 67
1668944883819 0.6824743747711182 68
1668944883875 0.6088017225265503 69
1668944883927 0.5984359383583069 70
1668944883979 0.6225496530532837 71
1668944884035 0.5674794912338257 72
1668944884104 0.667473316192627 73
1668944884170 0.6170111894607544 74
1668944884236 0.6078881621360779 75
1668944884295 0.5169571042060852 76
1668944884357 0.39187419414520264 77
1668944884420 0.6760770082473755 78
1668944884476 0.5311998128890991 79
1668944884520 0.5420048832893372 80
1668944884569 0.569744884967804 81
1668944884617 0.5635174512863159 82
1668944884672 0.5923380851745605 83
1668944884729 0.6670666337013245 84
1668944884792 0.6414320468902588 85
1668944884855 0.712502658367157 86
1668944884979 0.7288041114807129 87
1668944885036 0.7070682048797607 88
1668944885102 0.5944621562957764 89
1668944887169 0.6572840809822083 90
1668944887215 0.7784825563430786 91
1668944887257 0.7439825534820557 92
1668944887296 0.7170255780220032 93
1668944887339 0.5534248352050781 94
1668944887380 0.7350717782974243 95
1668944887426 0.7693486213684082 96
1668944887466 0.6822572946548462 97
1668944887507 0.7216268181800842 98
1668944887547 0.5934346318244934 99
1668944887588 0.7710561752319336 100
1668944887628 0.7076370716094971 101
1668944887668 0.633988618850708 102
1668944887708 0.7011237740516663 103
1668944887753 0.7688079476356506 104
1668944887802 0.9478968381881714 105
1668944887846 0.5010733604431152 106
1668944887888 0.681911051273346 107
1668944887927 0.804345965385437 108
1668944887965 0.5946010947227478 109
1668944888002 0.7434587478637695 110
1668944888040 0.933324933052063 111
1668944888291 0.6923201084136963 112
1668944888331 0.6916865706443787 113
1668944888371 0.6720802187919617 114
1668944888411 0.8347680568695068 115
1668944888452 0.9592578411102295 116
1668944888491 0.6352314352989197 117
1668944888528 0.8577637672424316 118
1668944888568 0.8684267997741699 119
1668944888607 0.8115730881690979 120
1668944888644 0.7602409720420837 121
1668944888684 0.8672307133674622 122
1668944888722 0.9325752258300781 123
1668944888760 0.9751168489456177 124
1668944888798 1.1341551542282104 125
1668944888838 0.8968331813812256 126
1668944888880 0.854823112487793 127
1668944888919 0.7741174697875977 128
1668944888957 0.7233870625495911 129
1668944888997 0.9668173789978027 130
1668944889038 0.7996045351028442 131
1668944889078 0.6171578168869019 132
1668944889119 0.7443146705627441 133
1668944889158 0.8390697240829468 134
1668944889196 0.7987902164459229 135
1668944889235 0.7164826393127441 136
1668944889273 0.9505429267883301 137
1668944889313 0.9688698649406433 138
1668944889352 0.9287612438201904 139
1668944889390 1.0281513929367065 140
1668944889428 0.8788498044013977 141
1668944889467 0.6952782273292542 142
1668944889506 0.6579079627990723 143
1668944889544 1.043340802192688 144
1668944889585 0.8471627235412598 145
1668944889624 0.9927639365196228 146
1668944889664 1.061444878578186 147
1668944889705 0.9380087852478027 148
1668944889745 1.1595045328140259 149
1668944889785 0.8357861638069153 150
1668944889826 0.6442188024520874 151
1668944889865 0.9150347709655762 152
1668944889906 1.057776689529419 153
1668944889947 0.8049399852752686 154
1668944889986 0.8141987323760986 155
1668944890027 1.0286805629730225 156
1668944890068 0.8099234104156494 157
1668944890107 0.6873770356178284 158
1668944890149 0.8469165563583374 159
1668944890189 0.9123294353485107 160
1668944890227 0.7670015692710876 161
1668944890268 0.707825779914856 162
1668944890308 0.8370587825775146 163
1668944890348 0.9253586530685425 164
1668944890389 0.7367804050445557 165
1668944890428 0.8175568580627441 166
1668944890469 0.8163450956344604 167
1668944890508 0.8782795667648315 168
1668944890546 0.9377809762954712 169
1668944890585 0.9197916388511658 170
1668944890624 0.8622032403945923 171
1668944890662 0.799629807472229 172
1668944890705 0.9798362851142883 173
1668944890756 0.7127377390861511 174
1668944890805 0.9453229904174805 175
1668944890843 1.0165302753448486 176
1668944890884 1.0287249088287354 177
1668944890936 0.8347114324569702 178
1668944890997 0.6577948331832886 179
1668944892638 0.7200496196746826 180
1668944892680 0.7074897289276123 181
1668944892723 0.9239368438720703 182
1668944892762 1.328744649887085 183
1668944892803 1.1585493087768555 184
1668944892853 0.6920832395553589 185
1668944892895 0.8476256132125854 186
1668944892934 0.7974145412445068 187
1668944892973 0.9936989545822144 188
1668944893013 1.134792447090149 189
1668944893054 0.6948503851890564 190
1668944893096 0.9023160338401794 191
1668944893135 1.069057822227478 192
1668944893179 1.1111271381378174 193
1668944893228 0.8869082927703857 194
1668944893276 0.8051515817642212 195
1668944893318 0.8084918260574341 196
1668944893357 1.1528459787368774 197
1668944893395 1.0427823066711426 198
1668944893435 0.9805755615234375 199
1668944893473 0.7131125926971436 200
1668944893513 1.074763298034668 201
1668944893556 1.1611671447753906 202
1668944893594 0.808356761932373 203
1668944893635 0.882993757724762 204
1668944893676 1.1169118881225586 205
1668944893714 0.9576768279075623 206
1668944893756 1.016829490661621 207
1668944893795 0.8174730539321899 208
1668944893836 0.9634024500846863 209
1668944893876 1.0289430618286133 210
1668944893917 1.2012317180633545 211
1668944893958 0.9851395487785339 212
1668944893998 1.1508755683898926 213
1668944894038 1.102175235748291 214
1668944894080 1.0766816139221191 215
1668944894119 1.0110896825790405 216
1668944894158 1.2869316339492798 217
1668944894202 1.3415625095367432 218
1668944894245 1.0849634408950806 219
1668944894286 1.4220545291900635 220
1668944894325 0.8995609283447266 221
1668944894361 1.1507786512374878 222
1668944894401 1.2891654968261719 223
1668944894439 1.0870425701141357 224
1668944894476 1.1004388332366943 225
1668944894517 1.0192348957061768 226
1668944894561 1.3885715007781982 227
1668944894602 1.1255271434783936 228
1668944894641 1.150888442993164 229
1668944894681 0.9138237237930298 230
1668944894723 0.9919168949127197 231
1668944894762 1.0428657531738281 232
1668944894802 0.9817919731140137 233
1668944894844 1.0153038501739502 234
1668944894889 1.0842877626419067 235
1668944894927 1.3825469017028809 236
1668944894967 0.7816988229751587 237
1668944895006 1.1342926025390625 238
1668944895045 1.1576486825942993 239
1668944895084 0.986989438533783 240
1668944895122 1.1043007373809814 241
1668944895163 1.0217039585113525 242
1668944895204 1.2717556953430176 243
1668944895244 1.3185021877288818 244
1668944895285 0.971497654914856 245
1668944895324 1.256624460220337 246
1668944895364 1.2334823608398438 247
1668944895405 1.105459213256836 248
1668944895443 1.3253204822540283 249
1668944895485 0.9869266748428345 250
1668944895523 1.3050832748413086 251
1668944895562 1.555858850479126 252
1668944895601 1.001672625541687 253
1668944895640 0.9339849352836609 254
1668944895682 1.3029773235321045 255
1668944895722 1.3686672449111938 256
1668944895762 1.3730353116989136 257
1668944895801 1.4198850393295288 258
1668944895841 1.2238550186157227 259
1668944895882 1.3493320941925049 260
1668944895922 1.4087491035461426 261
1668944895962 1.2271521091461182 262
1668944896006 0.9539722204208374 263
1668944896073 0.9290368556976318 264
1668944896118 1.1528626680374146 265
1668944896161 1.1938250064849854 266
1668944896207 1.4671483039855957 267
1668944896246 1.0238244533538818 268
1668944896285 1.3041267395019531 269
