1668944879525 12.14272689819336 0
1668944879582 9.137357711791992 1
1668944879626 9.455191612243652 2
1668944879667 15.424948692321777 3
1668944879707 9.138089179992676 4
1668944879746 12.104608535766602 5
1668944879793 8.73872184753418 6
1668944879835 9.600966453552246 7
1668944879882 8.850358963012695 8
1668944879944 6.475275039672852 9
1668944880004 6.191040992736816 10
1668944880060 8.844290733337402 11
1668944880116 5.559224605560303 12
1668944880163 2.9793663024902344 13
1668944880224 5.958925247192383 14
1668944880284 5.5726752281188965 15
1668944880341 5.7940568923950195 16
1668944880405 5.642143249511719 17
1668944880464 5.650931358337402 18
1668944880528 2.6269114017486572 19
1668944880613 5.467792510986328 20
1668944880738 2.376533269882202 21
1668944880841 2.445338010787964 22
1668944880915 1.9497536420822144 23
1668944880987 2.0269947052001953 24
1668944881064 2.0688490867614746 25
1668944881164 1.8797600269317627 26
1668944881247 1.8099628686904907 27
1668944881331 1.9351730346679688 28
1668944881414 1.7881098985671997 29
1668944881496 1.6820662021636963 30
1668944881574 1.777933955192566 31
1668944881649 1.6732351779937744 32
1668944881720 1.521824836730957 33
1668944881795 1.4825525283813477 34
1668944881868 1.4575235843658447 35
1668944881932 1.375342845916748 36
1668944881999 1.5272682905197144 37
1668944882085 1.4275734424591064 38
1668944882162 1.380926489830017 39
1668944882235 1.3871949911117554 40
1668944882301 1.5059947967529297 41
1668944882370 1.3949265480041504 42
1668944882435 1.5793875455856323 43
1668944882505 1.5195724964141846 44
1668944882555 1.5742671489715576 45
1668944882603 1.3297609090805054 46
1668944882651 1.3784222602844238 47
1668944882695 1.3239784240722656 48
1668944882741 1.4089860916137695 49
1668944882797 1.3065712451934814 50
1668944882846 1.2856496572494507 51
1668944882894 1.2777334451675415 52
1668944882944 1.144288420677185 53
1668944882992 1.3981695175170898 54
1668944883036 1.1889675855636597 55
1668944883093 1.1972291469573975 56
1668944883142 1.1203211545944214 57
1668944883188 1.0959126949310303 58
1668944883234 1.1799355745315552 59
1668944883281 1.074835181236267 60
1668944883333 1.2120020389556885 61
1668944883387 1.0618704557418823 62
1668944883481 1.146745204925537 63
1668944883563 0.9646940231323242 64
1668944883633 1.063727617263794 65
1668944883694 1.0230154991149902 66
1668944883753 1.1309754848480225 67
1668944883815 1.1185516119003296 68
1668944883873 1.136183738708496 69
1668944883925 1.117801547050476 70
1668944883978 0.9903721809387207 71
1668944884031 0.9971320629119873 72
1668944884101 1.0141270160675049 73
1668944884168 1.0533063411712646 74
1668944884232 1.0315086841583252 75
1668944884291 1.0470294952392578 76
1668944884355 1.282856822013855 77
1668944884416 1.0830357074737549 78
1668944884475 1.1143380403518677 79
1668944884518 1.0151655673980713 80
1668944884565 0.9530840516090393 81
1668944884614 0.9487117528915405 82
1668944884667 0.95208740234375 83
1668944884728 0.7671575546264648 84
1668944884790 0.8932273387908936 85
1668944884851 0.8033709526062012 86
1668944884976 0.8823153972625732 87
1668944885034 1.0852577686309814 88
1668944885099 0.9626857042312622 89
1668944887166 0.9354590177536011 90
1668944887213 0.7832293510437012 91
1668944887255 0.8832170367240906 92
1668944887294 0.797574520111084 93
1668944887337 1.044900894165039 94
1668944887378 0.9332037568092346 95
1668944887424 0.8545264005661011 96
1668944887463 0.9238837361335754 97
1668944887506 0.9930781126022339 98
1668944887546 1.0053728818893433 99
1668944887587 0.9055488109588623 100
1668944887626 0.8093848824501038 101
1668944887667 0.8738090991973877 102
1668944887706 0.8299974799156189 103
1668944887751 0.8636128902435303 104
1668944887801 0.7732051610946655 105
1668944887845 1.0532422065734863 106
1668944887886 0.8810117244720459 107
1668944887925 0.7746168375015259 108
1668944887963 1.0758782625198364 109
1668944888001 0.8120966553688049 110
1668944888039 0.6686277389526367 111
1668944888289 0.8914583921432495 112
1668944888329 0.8218262195587158 113
1668944888370 1.0173296928405762 114
1668944888410 0.9752882719039917 115
1668944888449 0.8698198795318604 116
1668944888489 0.9560219049453735 117
1668944888527 0.8604681491851807 118
1668944888567 0.9284520149230957 119
1668944888605 0.7310647964477539 120
1668944888643 0.84151291847229 121
1668944888681 0.7220192551612854 122
1668944888720 0.8602708578109741 123
1668944888759 0.7665543556213379 124
1668944888796 0.7224806547164917 125
1668944888837 0.7534691095352173 126
1668944888879 0.8307433724403381 127
1668944888918 0.7922241687774658 128
1668944888955 0.742343544960022 129
1668944888996 0.7622710466384888 130
1668944889036 0.8936923742294312 131
1668944889077 1.1408040523529053 132
1668944889117 0.8696305751800537 133
1668944889156 0.8627755045890808 134
1668944889195 0.7852520942687988 135
1668944889234 0.8107384443283081 136
1668944889272 0.8002099394798279 137
1668944889311 0.714079737663269 138
1668944889350 1.030056118965149 139
1668944889388 0.8192882537841797 140
1668944889427 0.9208399057388306 141
1668944889465 0.8561406135559082 142
1668944889504 1.0758167505264282 143
1668944889542 0.8671184778213501 144
1668944889583 0.9269487857818604 145
1668944889622 0.8676031231880188 146
1668944889662 0.702132523059845 147
1668944889703 0.9635052680969238 148
1668944889743 0.8710705041885376 149
1668944889783 0.863879382610321 150
1668944889824 0.8645902276039124 151
1668944889863 0.9903513193130493 152
1668944889906 0.6915595531463623 153
1668944889945 1.0382237434387207 154
1668944889984 0.9080135822296143 155
1668944890026 0.8746544122695923 156
1668944890065 0.856783390045166 157
1668944890106 0.9387184381484985 158
1668944890146 0.9371553659439087 159
1668944890188 1.0351388454437256 160
1668944890226 0.8872406482696533 161
1668944890267 0.9450209140777588 162
1668944890306 0.9338452816009521 163
1668944890346 0.9921658039093018 164
1668944890387 0.9037998914718628 165
1668944890427 1.1234701871871948 166
1668944890468 0.9581434726715088 167
1668944890507 0.9869681596755981 168
1668944890544 0.8332197666168213 169
1668944890584 0.893281102180481 170
1668944890623 0.9737197756767273 171
1668944890661 1.0653035640716553 172
1668944890703 0.9436234831809998 173
1668944890755 1.0202561616897583 174
1668944890804 0.8770948052406311 175
1668944890842 0.8286136388778687 176
1668944890882 0.8786702156066895 177
1668944890932 0.9325897693634033 178
1668944890995 1.1405580043792725 179
1668944892636 0.9618262052536011 180
1668944892679 0.9386464953422546 181
1668944892721 0.7988989353179932 182
1668944892761 0.8242616057395935 183
1668944892801 0.791939377784729 184
1668944892849 1.0282931327819824 185
1668944892893 0.8923124670982361 186
1668944892932 0.8475795984268188 187
1668944892972 0.8100384473800659 188
1668944893011 0.8349810242652893 189
1668944893053 1.0797417163848877 190
1668944893094 0.7888501882553101 191
1668944893134 0.8663580417633057 192
1668944893177 0.8529492616653442 193
1668944893226 0.8377007246017456 194
1668944893275 0.9655418395996094 195
1668944893315 0.9346616268157959 196
1668944893356 0.8490064144134521 197
1668944893393 0.78227698802948 198
1668944893433 0.80387943983078 199
1668944893471 0.9748233556747437 200
1668944893512 0.7837917804718018 201
1668944893554 0.8639183044433594 202
1668944893593 0.8062484264373779 203
1668944893632 0.867577314376831 204
1668944893674 0.8219765424728394 205
1668944893713 0.7322841882705688 206
1668944893754 0.8222998380661011 207
1668944893793 0.8329118490219116 208
1668944893834 0.7397252917289734 209
1668944893874 0.8934959173202515 210
1668944893914 0.9890904426574707 211
1668944893956 0.8836772441864014 212
1668944893996 0.8053118586540222 213
1668944894036 1.0274957418441772 214
1668944894078 0.9927188158035278 215
1668944894118 0.9393876791000366 216
1668944894156 0.8472198843955994 217
1668944894198 0.9106765985488892 218
1668944894243 0.9332932233810425 219
1668944894285 0.7672034502029419 220
1668944894323 0.9363000392913818 221
1668944894360 0.8665139675140381 222
1668944894398 0.7082294225692749 223
1668944894437 0.7432482242584229 224
1668944894475 0.7031047344207764 225
1668944894515 0.7896580696105957 226
1668944894559 0.8777126669883728 227
1668944894600 0.7720440626144409 228
1668944894640 0.7404625415802002 229
1668944894679 0.8252599835395813 230
1668944894721 0.7611169815063477 231
1668944894760 0.6427321434020996 232
1668944894801 0.735999584197998 233
1668944894841 0.8051997423171997 234
1668944894887 0.6851915717124939 235
1668944894926 0.652262806892395 236
1668944894965 0.7862637639045715 237
1668944895004 0.7933934926986694 238
1668944895043 0.7949918508529663 239
1668944895081 0.79581618309021 240
1668944895121 0.6875773668289185 241
1668944895161 0.738048255443573 242
1668944895203 0.6495967507362366 243
1668944895243 0.6600830554962158 244
1668944895282 0.8731141090393066 245
1668944895322 0.5569590926170349 246
1668944895362 0.7167312502861023 247
1668944895403 0.5788810849189758 248
1668944895442 0.6460124850273132 249
1668944895482 0.6866350769996643 250
1668944895522 0.6535130739212036 251
1668944895561 0.7282986640930176 252
1668944895600 0.8038866519927979 253
1668944895638 0.6396539211273193 254
1668944895679 0.7279052138328552 255
1668944895720 0.4820684790611267 256
1668944895760 0.7794673442840576 257
1668944895800 0.6064168214797974 258
1668944895839 0.6943577527999878 259
1668944895880 0.6618549823760986 260
1668944895921 0.7427718639373779 261
1668944895960 0.7376517653465271 262
1668944896004 0.7426102161407471 263
1668944896072 0.7991687059402466 264
1668944896116 0.8113473653793335 265
1668944896158 0.7945114374160767 266
1668944896206 0.7213135957717896 267
1668944896245 0.758325457572937 268
1668944896283 0.6874030828475952 269
