1668944947747 9.220457077026367 0
1668944947801 15.443975448608398 1
1668944947841 9.3373384475708 2
1668944947884 5.658231735229492 3
1668944947923 2.1217544078826904 4
1668944947966 5.4164204597473145 5
1668944948013 1.6593570709228516 6
1668944948060 2.266397714614868 7
1668944948109 1.645452618598938 8
1668944948170 1.5595828294754028 9
1668944948227 1.5630040168762207 10
1668944948275 1.2817323207855225 11
1668944948321 1.459307312965393 12
1668944948373 1.2368662357330322 13
1668944948425 1.0367851257324219 14
1668944948481 1.0467891693115234 15
1668944948534 1.012473702430725 16
1668944948594 1.0325864553451538 17
1668944948661 0.9876920580863953 18
1668944948767 0.8667734265327454 19
1668944948846 0.7844209671020508 20
1668944948927 0.8287963271141052 21
1668944948989 0.8060928583145142 22
1668944949050 0.8384841680526733 23
1668944949103 0.7566835880279541 24
1668944949170 0.6500426530838013 25
1668944949237 0.8028146028518677 26
1668944949302 0.7097517251968384 27
1668944949370 0.8330104351043701 28
1668944949446 0.7375279664993286 29
1668944949557 0.7589938640594482 30
1668944949629 0.6671349406242371 31
1668944949696 0.6035929918289185 32
1668944949766 0.595875084400177 33
1668944949851 0.6335046291351318 34
1668944949922 0.6502535343170166 35
1668944949989 0.6556554436683655 36
1668944950057 0.6729885339736938 37
1668944950126 0.6736555099487305 38
1668944950186 0.45823991298675537 39
1668944950245 0.6244509220123291 40
1668944950311 0.707575798034668 41
1668944950379 0.7303255796432495 42
1668944950446 0.6634334325790405 43
1668944950513 0.6157550811767578 44
1668944950585 0.6911785006523132 45
1668944950654 0.7395915985107422 46
1668944950720 0.8720288276672363 47
1668944950787 0.674857497215271 48
1668944950853 0.725616991519928 49
1668944950915 0.7254876494407654 50
1668944950973 0.7400638461112976 51
1668944951024 0.6372793912887573 52
1668944951078 0.6371392607688904 53
1668944951127 0.6517623662948608 54
1668944951186 0.8158455491065979 55
1668944951248 0.6367863416671753 56
1668944951309 0.5664508938789368 57
1668944951371 0.49706408381462097 58
1668944951436 0.6645711660385132 59
1668944951497 0.6421458125114441 60
1668944951560 0.7021684050559998 61
1668944951627 0.5727982521057129 62
1668944951688 0.6702647805213928 63
1668944951736 0.7153872847557068 64
1668944951785 0.7652446031570435 65
1668944951867 0.6274808645248413 66
1668944951939 0.5039140582084656 67
1668944951992 0.6907381415367126 68
1668944952044 0.7207498550415039 69
1668944952131 0.7417338490486145 70
1668944952194 0.6794298887252808 71
1668944952255 0.646969199180603 72
1668944952312 0.7332408428192139 73
1668944952367 0.5597560405731201 74
1668944952435 0.7501202821731567 75
1668944952501 0.718166708946228 76
1668944952543 0.8091962337493896 77
1668944952595 0.8624587059020996 78
1668944952647 0.8547777533531189 79
1668944952700 0.7908345460891724 80
1668944952744 0.5020749568939209 81
1668944952793 0.76645427942276 82
1668944952838 0.7295770049095154 83
1668944952879 0.7594101428985596 84
1668944952928 0.8251062631607056 85
1668944952979 0.6532505750656128 86
1668944953029 0.6460256576538086 87
1668944953085 0.747550904750824 88
1668944953136 0.9556448459625244 89
1668944955689 1.0013267993927002 90
1668944955747 0.8079855442047119 91
1668944955803 0.8440269827842712 92
1668944955910 0.6845998167991638 93
1668944955984 0.8488097786903381 94
1668944956034 0.8655451536178589 95
1668944956124 0.8330882787704468 96
1668944956235 1.1310515403747559 97
1668944956303 0.7999094128608704 98
1668944956357 0.8126656413078308 99
1668944956416 1.0053043365478516 100
1668944956464 0.8863756656646729 101
1668944956524 1.1789017915725708 102
1668944956576 0.9418728351593018 103
1668944956626 0.8994718194007874 104
1668944956679 0.8878137469291687 105
1668944956728 1.0540649890899658 106
1668944956787 0.8628045320510864 107
1668944956831 0.8416938781738281 108
1668944956887 0.8742705583572388 109
1668944956931 0.932858943939209 110
1668944956985 0.927131712436676 111
1668944957030 0.9329886436462402 112
1668944957074 1.0156896114349365 113
1668944957123 1.5327351093292236 114
1668944957171 0.9533385038375854 115
1668944957215 1.4149421453475952 116
1668944957257 1.1146321296691895 117
1668944957302 1.6984188556671143 118
1668944957350 1.089840054512024 119
1668944957410 1.0613453388214111 120
1668944957463 0.880301833152771 121
1668944957518 1.3302826881408691 122
1668944957569 1.0781866312026978 123
1668944957614 1.0965615510940552 124
1668944957657 1.1038298606872559 125
1668944957703 1.3234586715698242 126
1668944957745 0.9936614036560059 127
1668944957793 1.2411725521087646 128
1668944957842 0.9478078484535217 129
1668944957885 1.242247223854065 130
1668944957940 0.8884850740432739 131
1668944957988 1.342020034790039 132
1668944958033 1.2535881996154785 133
1668944958089 1.2586519718170166 134
1668944958141 1.316364049911499 135
1668944958192 1.179298758506775 136
1668944958248 1.5909738540649414 137
1668944958299 1.360762357711792 138
1668944958344 0.9736243486404419 139
1668944958393 1.3992812633514404 140
1668944958454 1.395540714263916 141
1668944958495 1.1011378765106201 142
1668944958551 1.3159983158111572 143
1668944958606 1.4858121871948242 144
1668944958651 1.0129039287567139 145
1668944958696 1.206510305404663 146
1668944958747 1.3298410177230835 147
1668944958808 1.3380779027938843 148
1668944958856 1.0176782608032227 149
1668944958908 1.1034753322601318 150
1668944958968 1.089867115020752 151
1668944959019 1.0003039836883545 152
1668944959065 0.9903866052627563 153
1668944959118 1.2199348211288452 154
1668944959171 1.0910183191299438 155
1668944959218 0.9983550310134888 156
1668944959267 1.120607614517212 157
1668944959311 0.9818809032440186 158
1668944959361 0.8621638417243958 159
1668944959410 0.7269145250320435 160
1668944959458 0.8717590570449829 161
1668944959505 0.8733031749725342 162
1668944959552 0.9820045828819275 163
1668944959597 0.7584915161132812 164
1668944959642 0.853738009929657 165
1668944959689 1.015186071395874 166
1668944959740 0.9538342952728271 167
1668944959790 0.8087828755378723 168
1668944959845 0.8130953907966614 169
1668944959893 0.8870869874954224 170
1668944959937 0.7179248929023743 171
1668944959988 0.9602894186973572 172
1668944960034 0.939009964466095 173
1668944960080 1.2978646755218506 174
1668944960128 0.9542816281318665 175
1668944960175 0.8169271945953369 176
1668944960218 1.1876027584075928 177
1668944960266 1.2492917776107788 178
1668944960316 0.9030022621154785 179
1668944962720 1.1701664924621582 180
1668944962773 0.742186427116394 181
1668944962829 0.7602559328079224 182
1668944962904 0.6688050627708435 183
1668944962970 0.9224556088447571 184
1668944963034 0.6524372100830078 185
1668944963084 0.7565509676933289 186
1668944963139 0.7562998533248901 187
1668944963184 0.8012752532958984 188
1668944963239 0.5015223026275635 189
1668944963288 0.288488507270813 190
1668944963335 0.3892286419868469 191
1668944963387 0.5288867354393005 192
1668944963442 0.713310956954956 193
1668944963495 0.5802643299102783 194
1668944963546 0.6656778454780579 195
1668944963604 0.5454909205436707 196
1668944963655 0.569054365158081 197
1668944963712 0.7858219742774963 198
1668944963772 0.35012978315353394 199
1668944963826 1.0470750331878662 200
1668944963875 0.6026207804679871 201
1668944963939 0.5478626489639282 202
1668944963987 0.4686712622642517 203
1668944964041 0.8661315441131592 204
1668944964096 0.5342836380004883 205
1668944964146 0.8998382091522217 206
1668944964193 0.970553994178772 207
1668944964238 0.8093275427818298 208
1668944964281 1.357426404953003 209
1668944964326 1.168314814567566 210
1668944964377 1.130481481552124 211
1668944964422 1.1062943935394287 212
1668944964467 1.9870606660842896 213
1668944964512 1.2104029655456543 214
1668944964558 1.3483917713165283 215
1668944964621 1.0163036584854126 216
1668944964671 1.2747371196746826 217
1668944964738 1.6172620058059692 218
1668944964785 1.3933632373809814 219
1668944964848 1.212660789489746 220
1668944964930 0.860550045967102 221
1668944965083 0.9445353150367737 222
1668944965281 1.099661111831665 223
1668944965468 0.9811648726463318 224
1668944965586 1.1210376024246216 225
1668944965653 1.124761939048767 226
1668944965734 1.4747997522354126 227
1668944965787 1.2060136795043945 228
1668944965843 0.7179252505302429 229
1668944965895 1.1275804042816162 230
1668944965940 0.9824323654174805 231
1668944965991 1.1439974308013916 232
1668944966034 1.7129607200622559 233
1668944966076 0.8223594427108765 234
1668944966124 0.8964106440544128 235
1668944966173 0.7212971448898315 236
1668944966210 0.9915726184844971 237
1668944966251 0.7642490863800049 238
1668944966292 0.7697761058807373 239
1668944966333 0.7615943551063538 240
1668944966374 0.633582592010498 241
1668944966415 1.1449506282806396 242
1668944966455 0.8311591744422913 243
1668944966495 0.6945738196372986 244
1668944966534 1.0851314067840576 245
1668944966572 0.5999616384506226 246
1668944966611 0.7966275215148926 247
1668944966650 0.38783544301986694 248
1668944966693 0.5453159809112549 249
1668944966734 0.5265055894851685 250
1668944966774 0.8323692083358765 251
1668944966816 4.501760482788086 252
1668944966856 0.7606326341629028 253
1668944966897 0.6586555242538452 254
1668944966938 0.797862708568573 255
1668944966977 1.0652891397476196 256
1668944967018 0.7529407143592834 257
1668944967060 0.6903315782546997 258
1668944967102 1.3021358251571655 259
1668944967144 0.7162418961524963 260
1668944967192 0.7977283596992493 261
1668944967241 0.9019205570220947 262
1668944967285 0.7437723278999329 263
1668944967335 0.5303940176963806 264
1668944967377 0.611871600151062 265
1668944967424 0.42539286613464355 266
1668944967468 0.4404027760028839 267
1668944967513 0.8378629088401794 268
1668944967559 0.9166891574859619 269
