1668944947744 9.130837440490723 0
1668944947798 6.780965805053711 1
1668944947840 6.516650676727295 2
1668944947880 9.554962158203125 3
1668944947922 5.915553569793701 4
1668944947963 2.9488935470581055 5
1668944948011 5.801457405090332 6
1668944948058 5.962672710418701 7
1668944948107 2.8561291694641113 8
1668944948168 2.677882194519043 9
1668944948225 2.1708126068115234 10
1668944948274 1.9924427270889282 11
1668944948320 2.0675320625305176 12
1668944948371 1.6374998092651367 13
1668944948423 1.8281543254852295 14
1668944948478 2.0627002716064453 15
1668944948531 1.7011101245880127 16
1668944948591 1.6436583995819092 17
1668944948658 1.5397391319274902 18
1668944948763 1.5593725442886353 19
1668944948842 1.4017376899719238 20
1668944948923 1.5117156505584717 21
1668944948987 1.2624506950378418 22
1668944949047 1.1816965341567993 23
1668944949100 1.1936655044555664 24
1668944949167 1.2061964273452759 25
1668944949234 1.1007198095321655 26
1668944949300 1.2603354454040527 27
1668944949367 1.1173570156097412 28
1668944949443 1.0534512996673584 29
1668944949555 1.1141176223754883 30
1668944949626 1.1100456714630127 31
1668944949693 1.1486186981201172 32
1668944949762 1.1854627132415771 33
1668944949846 1.120774269104004 34
1668944949917 1.0012786388397217 35
1668944949986 1.0094307661056519 36
1668944950054 0.9905508160591125 37
1668944950123 1.1191229820251465 38
1668944950183 1.082236409187317 39
1668944950242 1.0312951803207397 40
1668944950308 0.8493825793266296 41
1668944950376 0.8736356496810913 42
1668944950443 0.9780142903327942 43
1668944950510 0.7892497777938843 44
1668944950581 0.8911604881286621 45
1668944950651 0.8261146545410156 46
1668944950716 0.6947247982025146 47
1668944950784 0.8893018960952759 48
1668944950851 0.779194712638855 49
1668944950912 0.8341125249862671 50
1668944950970 0.8267342448234558 51
1668944951023 0.8824122548103333 52
1668944951076 0.9108967781066895 53
1668944951126 0.8826180100440979 54
1668944951184 0.8234311938285828 55
1668944951245 0.9181194305419922 56
1668944951306 1.0990447998046875 57
1668944951368 1.0552167892456055 58
1668944951433 0.8132240176200867 59
1668944951493 0.804330050945282 60
1668944951558 0.8142991065979004 61
1668944951624 0.9497735500335693 62
1668944951686 0.8596384525299072 63
1668944951734 0.8306694626808167 64
1668944951781 1.039198398590088 65
1668944951862 0.8650137186050415 66
1668944951936 1.04569673538208 67
1668944951990 0.7612284421920776 68
1668944952041 0.7859094142913818 69
1668944952128 0.8652080297470093 70
1668944952192 0.8582261800765991 71
1668944952252 0.930080771446228 72
1668944952309 0.9574215412139893 73
1668944952363 1.0180702209472656 74
1668944952429 0.7937932014465332 75
1668944952497 0.920518696308136 76
1668944952542 0.9653849601745605 77
1668944952593 1.0160324573516846 78
1668944952645 1.02562415599823 79
1668944952696 0.8589436411857605 80
1668944952743 1.2730093002319336 81
1668944952792 0.857778787612915 82
1668944952836 1.0246158838272095 83
1668944952878 1.0418074131011963 84
1668944952927 0.9385563135147095 85
1668944952977 1.2054098844528198 86
1668944953027 1.0174005031585693 87
1668944953083 1.0695011615753174 88
1668944953133 0.8759429454803467 89
1668944955684 0.7686820030212402 90
1668944955744 0.9279695153236389 91
1668944955801 0.9765764474868774 92
1668944955907 0.8765362501144409 93
1668944955981 0.8531349301338196 94
1668944956031 0.8395317792892456 95
1668944956119 1.0993832349777222 96
1668944956234 0.6995843648910522 97
1668944956300 0.919987142086029 98
1668944956355 0.9119342565536499 99
1668944956413 0.8914527893066406 100
1668944956461 0.7415642738342285 101
1668944956520 0.8069759011268616 102
1668944956573 0.8511769771575928 103
1668944956624 0.7630952000617981 104
1668944956674 0.7959375381469727 105
1668944956725 0.7951301336288452 106
1668944956785 0.7624447345733643 107
1668944956828 0.8841414451599121 108
1668944956885 0.8646485209465027 109
1668944956928 0.6925677061080933 110
1668944956982 0.6964372396469116 111
1668944957027 0.7810688018798828 112
1668944957073 0.8313568830490112 113
1668944957120 0.6291800141334534 114
1668944957168 0.8777443766593933 115
1668944957213 0.707844078540802 116
1668944957256 0.8943594694137573 117
1668944957299 0.6273918151855469 118
1668944957346 0.7541782855987549 119
1668944957407 0.6228761076927185 120
1668944957461 0.8097926378250122 121
1668944957516 0.6315542459487915 122
1668944957565 0.6058871746063232 123
1668944957611 0.6558965444564819 124
1668944957656 0.6738107204437256 125
1668944957701 0.7260040044784546 126
1668944957743 0.6473912000656128 127
1668944957792 0.5885155200958252 128
1668944957840 1.0527312755584717 129
1668944957881 0.7366361618041992 130
1668944957938 0.8462883234024048 131
1668944957987 0.748047411441803 132
1668944958031 0.798414945602417 133
1668944958087 0.88298499584198 134
1668944958138 0.7255213856697083 135
1668944958190 0.9464529156684875 136
1668944958245 0.6766272783279419 137
1668944958296 0.8412590622901917 138
1668944958342 0.8140851259231567 139
1668944958391 0.8765529990196228 140
1668944958451 0.7055943608283997 141
1668944958493 0.8536134958267212 142
1668944958547 0.6030857563018799 143
1668944958606 0.7742224335670471 144
1668944958648 0.9020483493804932 145
1668944958693 0.6804475784301758 146
1668944958745 0.708391547203064 147
1668944958806 0.49474385380744934 148
1668944958853 0.8162215948104858 149
1668944958906 0.7321991324424744 150
1668944958963 0.873894214630127 151
1668944959016 0.8984911441802979 152
1668944959062 0.7759667634963989 153
1668944959117 1.0392851829528809 154
1668944959170 1.0797927379608154 155
1668944959213 1.0853184461593628 156
1668944959263 1.0072975158691406 157
1668944959309 1.2386302947998047 158
1668944959358 1.2762151956558228 159
1668944959407 1.3364813327789307 160
1668944959456 1.1608185768127441 161
1668944959503 1.3162086009979248 162
1668944959550 1.001365303993225 163
1668944959594 1.2782402038574219 164
1668944959641 1.0300123691558838 165
1668944959687 0.8818230032920837 166
1668944959738 1.3500994443893433 167
1668944959788 1.2102365493774414 168
1668944959843 0.91159987449646 169
1668944959891 1.078805685043335 170
1668944959935 0.9794371724128723 171
1668944959987 0.928491473197937 172
1668944960031 0.8432905077934265 173
1668944960078 0.7312880754470825 174
1668944960126 0.7740720510482788 175
1668944960173 0.839652419090271 176
1668944960215 0.7193238735198975 177
1668944960261 0.7385393977165222 178
1668944960313 0.9098778963088989 179
1668944962715 0.9686741828918457 180
1668944962771 1.258354663848877 181
1668944962827 1.1717263460159302 182
1668944962901 1.0793877840042114 183
1668944962968 1.0606975555419922 184
1668944963030 1.1837245225906372 185
1668944963079 1.0844627618789673 186
1668944963137 1.1985390186309814 187
1668944963181 1.284590721130371 188
1668944963237 1.1722151041030884 189
1668944963286 1.6990729570388794 190
1668944963333 1.6210330724716187 191
1668944963384 2.299752712249756 192
1668944963440 1.440308690071106 193
1668944963493 1.7612712383270264 194
1668944963544 1.4310529232025146 195
1668944963600 1.87885320186615 196
1668944963653 4.7210893630981445 197
1668944963710 1.7841033935546875 198
1668944963768 1.8417418003082275 199
1668944963823 1.4748055934906006 200
1668944963873 1.158312201499939 201
1668944963937 1.434261441230774 202
1668944963985 1.3039333820343018 203
1668944964039 1.1839828491210938 204
1668944964093 1.835524559020996 205
1668944964144 1.506662368774414 206
1668944964191 1.0092687606811523 207
1668944964236 0.893374502658844 208
1668944964279 0.8027359247207642 209
1668944964325 0.6710555553436279 210
1668944964375 0.7858242988586426 211
1668944964420 0.7461304664611816 212
1668944964464 0.475691556930542 213
1668944964509 0.6476116180419922 214
1668944964557 0.500319242477417 215
1668944964619 0.8021928071975708 216
1668944964669 0.6103004217147827 217
1668944964733 0.56842041015625 218
1668944964783 0.5779215097427368 219
1668944964843 0.6254758834838867 220
1668944964917 1.0590087175369263 221
1668944965069 0.9056656360626221 222
1668944965266 0.8443872928619385 223
1668944965459 0.926432728767395 224
1668944965584 0.8885869979858398 225
1668944965648 0.9357313513755798 226
1668944965730 0.9445427656173706 227
1668944965785 1.063047170639038 228
1668944965841 1.188576340675354 229
1668944965893 0.9370230436325073 230
1668944965938 1.0351874828338623 231
1668944965989 1.0196484327316284 232
1668944966031 1.2773339748382568 233
1668944966074 1.0207757949829102 234
1668944966122 1.1049953699111938 235
1668944966171 1.1749591827392578 236
1668944966208 1.015670895576477 237
1668944966248 1.1029760837554932 238
1668944966291 1.0003941059112549 239
1668944966330 1.230243444442749 240
1668944966373 1.271674633026123 241
1668944966413 0.9369458556175232 242
1668944966453 1.1004186868667603 243
1668944966493 1.2843985557556152 244
1668944966532 0.9218630790710449 245
1668944966571 0.9654342532157898 246
1668944966609 1.1129075288772583 247
1668944966649 1.2723376750946045 248
1668944966692 1.1185572147369385 249
1668944966731 1.2431471347808838 250
1668944966773 1.0968505144119263 251
1668944966814 0.9765584468841553 252
1668944966855 1.130764365196228 253
1668944966895 1.1098577976226807 254
1668944966937 1.1998965740203857 255
1668944966976 1.1951277256011963 256
1668944967016 1.2166051864624023 257
1668944967058 1.3229429721832275 258
1668944967100 1.0027589797973633 259
1668944967142 1.1151734590530396 260
1668944967190 1.105403184890747 261
1668944967239 1.2758582830429077 262
1668944967282 1.243769645690918 263
1668944967331 1.4351696968078613 264
1668944967376 1.505807638168335 265
1668944967423 1.5212774276733398 266
1668944967467 1.343369960784912 267
1668944967511 5.120750904083252 268
1668944967557 4.722579479217529 269
