1668944622613 2.8880667686462402 0
1668944622666 6.35912561416626 1
1668944622709 1.9893490076065063 2
1668944622756 5.545740604400635 3
1668944622806 1.8283047676086426 4
1668944622847 1.7157529592514038 5
1668944622904 1.1739470958709717 6
1668944622962 1.3408679962158203 7
1668944623037 1.2297149896621704 8
1668944623094 1.108166217803955 9
1668944623149 1.2730199098587036 10
1668944623208 1.2697618007659912 11
1668944623266 1.0965615510940552 12
1668944623341 1.2758368253707886 13
1668944623447 1.0737966299057007 14
1668944623519 1.0870482921600342 15
1668944623599 0.8834779858589172 16
1668944623658 1.0537433624267578 17
1668944623726 0.8854874968528748 18
1668944623797 0.9657609462738037 19
1668944623863 1.0177628993988037 20
1668944623923 0.83186936378479 21
1668944623973 1.0194374322891235 22
1668944624029 0.726773202419281 23
1668944624090 0.8509488105773926 24
1668944624158 0.9220491647720337 25
1668944624223 0.7230376601219177 26
1668944624289 0.7111908197402954 27
1668944624352 0.7514165639877319 28
1668944624415 0.8841691017150879 29
1668944624475 0.7375508546829224 30
1668944624542 0.7462735176086426 31
1668944624618 0.7823975682258606 32
1668944624694 0.8916371464729309 33
1668944624766 0.9178138971328735 34
1668944624850 0.9007129073143005 35
1668944624930 0.6435667872428894 36
1668944624997 0.6062912940979004 37
1668944625064 0.9228566288948059 38
1668944625152 0.6995460391044617 39
1668944625226 0.7070985436439514 40
1668944625302 0.8276746273040771 41
1668944625376 0.8067172169685364 42
1668944625442 0.993047297000885 43
1668944625512 0.9185635447502136 44
1668944625579 0.744545578956604 45
1668944625640 0.7227969169616699 46
1668944625690 0.7068955302238464 47
1668944625741 0.8389272093772888 48
1668944625792 0.6708126068115234 49
1668944625836 0.7814492583274841 50
1668944625886 0.6803537607192993 51
1668944625938 1.0937620401382446 52
1668944625982 0.8450326323509216 53
1668944626027 0.7164393067359924 54
1668944626073 0.888704240322113 55
1668944626114 0.8833479881286621 56
1668944626159 0.7584042549133301 57
1668944626206 0.8023554086685181 58
1668944626252 0.9728790521621704 59
1668944626299 0.7581014037132263 60
1668944626351 0.8114263415336609 61
1668944626398 0.729996919631958 62
1668944626459 0.8384575843811035 63
1668944626512 0.8339313268661499 64
1668944626563 0.7912659049034119 65
1668944626612 0.8113430738449097 66
1668944626672 0.7749145030975342 67
1668944626748 0.8760715126991272 68
1668944626818 0.7490600347518921 69
1668944626873 1.1000115871429443 70
1668944626928 0.7841458320617676 71
1668944626990 0.7151970267295837 72
1668944627049 0.758610725402832 73
1668944627119 0.5050966143608093 74
1668944627197 0.7893447875976562 75
1668944627265 0.7974504232406616 76
1668944627329 0.7687656879425049 77
1668944627398 0.7131945490837097 78
1668944627464 0.6694533824920654 79
1668944627517 0.797297477722168 80
1668944627569 0.7973853349685669 81
1668944627617 0.8367912769317627 82
1668944627664 1.0060811042785645 83
1668944627708 0.7008353471755981 84
1668944627756 0.7007518410682678 85
1668944627813 1.0329163074493408 86
1668944627874 0.8802988529205322 87
1668944627928 0.8658420443534851 88
1668944627990 1.0475783348083496 89
1668944629855 1.1684019565582275 90
1668944629900 0.8705387115478516 91
1668944629943 1.0508146286010742 92
1668944629983 0.848788857460022 93
1668944630027 0.9896514415740967 94
1668944630075 1.1884320974349976 95
1668944630115 1.266404390335083 96
1668944630157 1.1020543575286865 97
1668944630196 1.1381596326828003 98
1668944630234 1.0028355121612549 99
1668944630276 1.2001582384109497 100
1668944630316 1.0822596549987793 101
1668944630357 0.9333878755569458 102
1668944630398 1.1769754886627197 103
1668944630441 1.5859839916229248 104
1668944630495 1.2531737089157104 105
1668944630540 1.5059516429901123 106
1668944630583 1.278090238571167 107
1668944630629 1.4279801845550537 108
1668944630674 1.128058671951294 109
1668944630721 1.1754422187805176 110
1668944630765 1.2745118141174316 111
1668944630811 1.02850341796875 112
1668944630857 1.2983603477478027 113
1668944630897 1.082448124885559 114
1668944630934 1.1744121313095093 115
1668944630973 1.0293781757354736 116
1668944631011 1.0293774604797363 117
1668944631052 1.1761651039123535 118
1668944631093 0.8937664031982422 119
1668944631130 0.9822300672531128 120
1668944631167 1.2061576843261719 121
1668944631208 1.0778473615646362 122
1668944631244 1.1698408126831055 123
1668944631282 1.179916262626648 124
1668944631319 1.0345704555511475 125
1668944631356 1.101712942123413 126
1668944631393 0.983015239238739 127
1668944631430 1.00800621509552 128
1668944631467 0.839845597743988 129
1668944631506 1.1189312934875488 130
1668944631542 0.8217629194259644 131
1668944631580 0.7617694139480591 132
1668944631618 1.1521923542022705 133
1668944631660 0.9791320562362671 134
1668944631699 0.8677156567573547 135
1668944631742 0.9707000851631165 136
1668944631784 1.021980881690979 137
1668944631827 0.9479883909225464 138
1668944631897 0.7901530265808105 139
1668944631948 0.7138165235519409 140
1668944631989 0.7577340602874756 141
1668944632031 0.8807172775268555 142
1668944632078 0.846546471118927 143
1668944632124 0.7231240272521973 144
1668944632166 0.676363468170166 145
1668944632211 0.9627224802970886 146
1668944632257 0.836907148361206 147
1668944632301 0.7875756025314331 148
1668944632347 0.9030200839042664 149
1668944632391 1.0778007507324219 150
1668944632435 0.6939429044723511 151
1668944632482 0.6028298735618591 152
1668944632524 0.504969596862793 153
1668944632564 0.7167571783065796 154
1668944632607 0.46454137563705444 155
1668944632647 0.6723642349243164 156
1668944632690 0.8736352920532227 157
1668944632731 0.6099185943603516 158
1668944632775 0.8302175998687744 159
1668944632820 0.569595217704773 160
1668944632866 0.6977472305297852 161
1668944632909 0.874879002571106 162
1668944632949 0.7609772682189941 163
1668944632991 0.9399394392967224 164
1668944633030 0.48106709122657776 165
1668944633069 0.6520470380783081 166
1668944633111 0.9920556545257568 167
1668944633151 0.665624737739563 168
1668944633192 0.9364176988601685 169
1668944633234 0.820273220539093 170
1668944633273 0.7427740097045898 171
1668944633313 1.1201722621917725 172
