1668944622610 12.323034286499023 0
1668944622664 12.398321151733398 1
1668944622707 3.5748531818389893 2
1668944622753 9.51500129699707 3
1668944622803 6.071759223937988 4
1668944622845 3.4689555168151855 5
1668944622902 2.489586353302002 6
1668944622960 2.6269092559814453 7
1668944623034 2.528876304626465 8
1668944623093 2.0855178833007812 9
1668944623146 2.2578370571136475 10
1668944623204 2.051933765411377 11
1668944623263 1.724797010421753 12
1668944623335 1.7252163887023926 13
1668944623444 1.6069188117980957 14
1668944623516 1.441066026687622 15
1668944623596 1.6603899002075195 16
1668944623656 1.371041178703308 17
1668944623723 1.5254466533660889 18
1668944623794 1.2773818969726562 19
1668944623860 1.2411279678344727 20
1668944623921 1.436488151550293 21
1668944623971 1.0432568788528442 22
1668944624028 1.2636171579360962 23
1668944624088 1.1935547590255737 24
1668944624155 1.3119380474090576 25
1668944624218 1.242155909538269 26
1668944624285 1.2437371015548706 27
1668944624350 1.093601942062378 28
1668944624412 1.0207226276397705 29
1668944624473 1.1688282489776611 30
1668944624538 0.9454215168952942 31
1668944624615 1.0480538606643677 32
1668944624691 0.950997531414032 33
1668944624762 0.8311178684234619 34
1668944624847 0.845897376537323 35
1668944624927 0.9170829057693481 36
1668944624995 0.9642102718353271 37
1668944625061 0.8233495950698853 38
1668944625149 0.8622023463249207 39
1668944625222 0.8684126734733582 40
1668944625299 0.6996933221817017 41
1668944625372 0.8308194875717163 42
1668944625438 0.7926837205886841 43
1668944625509 0.6505951881408691 44
1668944625575 0.8013917207717896 45
1668944625638 0.9371633529663086 46
1668944625688 0.8680719137191772 47
1668944625738 0.7995600700378418 48
1668944625791 0.8016589283943176 49
1668944625834 0.8840078115463257 50
1668944625884 0.9135024547576904 51
1668944625934 0.5971929430961609 52
1668944625981 0.8269554972648621 53
1668944626025 0.8443253040313721 54
1668944626071 0.8982065916061401 55
1668944626113 0.6890579462051392 56
1668944626158 1.0289008617401123 57
1668944626204 0.8179669976234436 58
1668944626250 0.7985398173332214 59
1668944626297 0.823278546333313 60
1668944626349 0.9730022549629211 61
1668944626396 0.9338254928588867 62
1668944626456 0.8697587847709656 63
1668944626510 0.8854215741157532 64
1668944626561 0.8745920658111572 65
1668944626610 0.7722244262695312 66
1668944626667 0.7795976400375366 67
1668944626745 0.8143595457077026 68
1668944626815 0.7980214357376099 69
1668944626870 0.8802884817123413 70
1668944626925 0.8752905130386353 71
1668944626985 0.9214001893997192 72
1668944627046 0.9576668739318848 73
1668944627116 1.1746588945388794 74
1668944627195 0.9225956201553345 75
1668944627262 0.9822812080383301 76
1668944627326 1.0290226936340332 77
1668944627395 0.9479360580444336 78
1668944627461 0.9856177568435669 79
1668944627515 1.0768928527832031 80
1668944627567 1.274775505065918 81
1668944627615 0.9494234323501587 82
1668944627662 0.8345643281936646 83
1668944627706 0.9727509617805481 84
1668944627754 0.9787862300872803 85
1668944627810 0.904293417930603 86
1668944627871 0.821978747844696 87
1668944627925 0.9241762161254883 88
1668944627988 0.8848727345466614 89
1668944629851 0.7651128768920898 90
1668944629899 0.8787007331848145 91
1668944629942 0.8115603923797607 92
1668944629981 0.9040485620498657 93
1668944630025 0.7464784979820251 94
1668944630071 0.6724063754081726 95
1668944630114 0.7059216499328613 96
1668944630154 0.7514395713806152 97
1668944630194 0.7369652986526489 98
1668944630232 0.7759894132614136 99
1668944630273 0.5607571601867676 100
1668944630315 0.6655797362327576 101
1668944630356 0.728879988193512 102
1668944630397 0.5940704345703125 103
1668944630438 0.7555590867996216 104
1668944630493 0.6808594465255737 105
1668944630538 0.5940811634063721 106
1668944630582 0.6945420503616333 107
1668944630627 0.6249536275863647 108
1668944630671 0.7215090990066528 109
1668944630718 0.7434120178222656 110
1668944630763 0.6587393879890442 111
1668944630809 0.8407263159751892 112
1668944630854 0.7150245904922485 113
1668944630896 0.7749327421188354 114
1668944630933 0.8342697024345398 115
1668944630971 0.7320311069488525 116
1668944631009 0.891978919506073 117
1668944631050 0.7245374917984009 118
1668944631091 1.02950119972229 119
1668944631128 0.8194139003753662 120
1668944631166 0.845766007900238 121
1668944631206 0.9790859222412109 122
1668944631242 1.0144717693328857 123
1668944631281 0.9291335344314575 124
1668944631317 0.9571698307991028 125
1668944631355 0.9282757043838501 126
1668944631391 1.039838194847107 127
1668944631429 1.0325253009796143 128
1668944631465 1.0545227527618408 129
1668944631504 0.9915167689323425 130
1668944631541 1.0593454837799072 131
1668944631579 1.0751291513442993 132
1668944631616 1.1461139917373657 133
1668944631658 1.1299676895141602 134
1668944631698 1.1393277645111084 135
1668944631740 1.0215104818344116 136
1668944631782 1.1876449584960938 137
1668944631826 1.192457675933838 138
1668944631893 1.256147861480713 139
1668944631946 1.1362323760986328 140
1668944631987 1.086998701095581 141
1668944632030 1.0696793794631958 142
1668944632076 1.1390198469161987 143
1668944632119 1.1185814142227173 144
1668944632165 1.2807427644729614 145
1668944632209 1.1393694877624512 146
1668944632254 1.0650759935379028 147
1668944632300 1.2276543378829956 148
1668944632346 1.0505485534667969 149
1668944632388 1.1086472272872925 150
1668944632434 1.1971474885940552 151
1668944632481 1.215368390083313 152
1668944632522 1.239372968673706 153
1668944632563 1.1159043312072754 154
1668944632603 1.075972557067871 155
1668944632645 1.2784427404403687 156
1668944632687 1.1573810577392578 157
1668944632730 1.289275884628296 158
1668944632774 1.2457492351531982 159
1668944632818 1.4192917346954346 160
1668944632865 1.2334917783737183 161
1668944632908 1.11134672164917 162
1668944632947 1.097193717956543 163
1668944632989 0.9403926134109497 164
1668944633028 1.2127410173416138 165
1668944633067 1.0672791004180908 166
1668944633110 1.0773714780807495 167
1668944633150 1.0260690450668335 168
1668944633191 1.326495885848999 169
1668944633232 1.1088955402374268 170
1668944633272 0.8571764230728149 171
1668944633311 0.8206157684326172 172
