1668944377022 2.5447278022766113 0
1668944377082 2.5131607055664062 1
1668944377129 1.6785032749176025 2
1668944377176 1.5895107984542847 3
1668944377232 1.6793274879455566 4
1668944377273 1.3675379753112793 5
1668944377318 1.0989103317260742 6
1668944377383 1.1651419401168823 7
1668944377441 1.2002787590026855 8
1668944377527 1.1861069202423096 9
1668944377593 0.8483513593673706 10
1668944377651 0.9119518995285034 11
1668944377723 0.8329654932022095 12
1668944377801 0.8211939334869385 13
1668944377886 0.8594073057174683 14
1668944377993 0.7887492179870605 15
1668944378067 0.6570391654968262 16
1668944378139 0.6289929747581482 17
1668944378210 0.7231042981147766 18
1668944378294 0.708771824836731 19
1668944378365 0.5987120270729065 20
1668944378500 0.6786025762557983 21
1668944378639 0.6580404043197632 22
1668944378722 0.5710804462432861 23
1668944378794 0.7381733655929565 24
1668944378863 0.6221045255661011 25
1668944379011 0.6865466237068176 26
1668944379121 0.6412456631660461 27
1668944379230 0.5873449444770813 28
1668944379305 0.6823575496673584 29
1668944379386 0.6148126125335693 30
1668944379459 0.5321444869041443 31
1668944379531 0.6329037547111511 32
1668944379606 0.5297708511352539 33
1668944379672 0.5657005310058594 34
1668944379761 0.5479744672775269 35
1668944379853 0.633036732673645 36
1668944379935 0.7656562328338623 37
1668944380011 0.6475651264190674 38
1668944380093 0.76334148645401 39
1668944380179 0.6639831066131592 40
1668944380267 0.6481311917304993 41
1668944380362 0.613114595413208 42
1668944380461 0.5817117094993591 43
1668944380567 0.6474624276161194 44
1668944380650 0.6221326589584351 45
1668944380755 0.7590059638023376 46
1668944380893 0.620032548904419 47
1668944380967 0.49526166915893555 48
1668944381037 0.6585680246353149 49
1668944381105 0.5702217221260071 50
1668944381172 0.6436543464660645 51
1668944381247 0.5920442342758179 52
1668944381333 0.5958830118179321 53
1668944381421 0.7636554837226868 54
1668944381501 0.59032142162323 55
1668944381587 0.6238052845001221 56
1668944381652 0.8170403242111206 57
1668944381716 0.6205555200576782 58
1668944381788 0.8115955591201782 59
1668944381856 0.7237265110015869 60
1668944381910 0.7955524921417236 61
1668944381963 0.715783953666687 62
1668944382026 0.7845391035079956 63
1668944382086 0.7908837795257568 64
1668944382139 0.8466922640800476 65
1668944382196 0.7689271569252014 66
1668944382245 1.0344548225402832 67
1668944382295 0.6441357135772705 68
1668944382349 0.7185184955596924 69
1668944382400 0.6746122241020203 70
1668944382453 0.8832427859306335 71
1668944382505 1.0896118879318237 72
1668944382555 0.9959585666656494 73
1668944382614 0.9384514093399048 74
1668944382667 1.1992392539978027 75
1668944382718 1.156867265701294 76
1668944382771 0.8080748319625854 77
1668944382846 0.7081766128540039 78
1668944382922 0.9175122976303101 79
1668944382984 1.1195228099822998 80
1668944383033 0.7654225826263428 81
1668944383092 1.1595121622085571 82
1668944383151 1.0158827304840088 83
1668944383212 0.7820392847061157 84
1668944383268 1.0488100051879883 85
1668944383321 0.9185261726379395 86
1668944383367 1.2163474559783936 87
1668944383422 0.9377975463867188 88
1668944383478 1.0075899362564087 89
