1668944377020 10.092544555664062 0
1668944377080 12.440349578857422 1
1668944377127 9.456977844238281 2
1668944377174 6.533327579498291 3
1668944377231 6.131527900695801 4
1668944377271 6.066816329956055 5
1668944377317 5.699190616607666 6
1668944377380 5.83062744140625 7
1668944377438 5.525317192077637 8
1668944377524 5.349410533905029 9
1668944377590 2.6447157859802246 10
1668944377649 2.135751247406006 11
1668944377720 2.6382572650909424 12
1668944377799 5.1634521484375 13
1668944377883 1.666490077972412 14
1668944377989 2.103933572769165 15
1668944378064 1.6868995428085327 16
1668944378136 1.8392881155014038 17
1668944378207 1.4871912002563477 18
1668944378291 1.301274061203003 19
1668944378362 1.4596421718597412 20
1668944378475 1.1348130702972412 21
1668944378636 1.6158467531204224 22
1668944378719 1.3135783672332764 23
1668944378790 1.1513783931732178 24
1668944378860 0.9774298667907715 25
1668944379006 1.1078836917877197 26
1668944379118 1.0180423259735107 27
1668944379227 1.1703612804412842 28
1668944379302 0.9315468668937683 29
1668944379383 0.9927990436553955 30
1668944379455 1.0163655281066895 31
1668944379528 0.9121530055999756 32
1668944379603 1.201993465423584 33
1668944379670 0.9309737682342529 34
1668944379759 0.9525083303451538 35
1668944379850 0.851039707660675 36
1668944379933 0.7740801572799683 37
1668944380008 0.8767493963241577 38
1668944380088 0.9803609848022461 39
1668944380176 0.7910469770431519 40
1668944380261 0.9415637254714966 41
1668944380360 0.9181315898895264 42
1668944380457 0.9701521396636963 43
1668944380563 0.9888932704925537 44
1668944380647 0.8088054656982422 45
1668944380753 0.8171030879020691 46
1668944380889 0.9144238829612732 47
1668944380965 1.1499987840652466 48
1668944381035 0.8396114706993103 49
1668944381102 0.9712485671043396 50
1668944381169 0.946038544178009 51
1668944381244 0.9928556680679321 52
1668944381330 0.8970844745635986 53
1668944381418 0.8856425881385803 54
1668944381498 0.9313990473747253 55
1668944381585 0.9374608993530273 56
1668944381649 0.7005016207695007 57
1668944381714 0.940484881401062 58
1668944381785 0.879940927028656 59
1668944381854 0.9252814054489136 60
1668944381906 0.7738065123558044 61
1668944381961 0.9361909031867981 62
1668944382022 0.936138391494751 63
1668944382083 0.9143111705780029 64
1668944382137 0.7144278883934021 65
1668944382193 0.7357429265975952 66
1668944382241 0.8497370481491089 67
1668944382293 0.8679356575012207 68
1668944382348 0.8812270760536194 69
1668944382399 0.8249978423118591 70
1668944382451 0.7276598811149597 71
1668944382503 0.6463662385940552 72
1668944382553 0.7009052038192749 73
1668944382612 0.7074272036552429 74
1668944382665 0.6368424892425537 75
1668944382716 0.6923786401748657 76
1668944382768 0.9090110659599304 77
1668944382843 0.824548602104187 78
1668944382919 1.1201943159103394 79
1668944382982 0.9430469274520874 80
1668944383031 1.2433059215545654 81
1668944383089 0.6981366872787476 82
1668944383149 0.826949954032898 83
1668944383209 0.8699013590812683 84
1668944383265 0.7679048180580139 85
1668944383319 0.8000849485397339 86
1668944383366 0.9751217365264893 87
1668944383419 0.9004480838775635 88
1668944383475 0.8359463214874268 89
