1668944504311 6.090348720550537 0
1668944504372 2.219503164291382 1
1668944504411 2.0563743114471436 2
1668944504454 1.903515100479126 3
1668944504502 1.7382910251617432 4
1668944504559 1.4365283250808716 5
1668944504607 1.6337372064590454 6
1668944504681 1.6858464479446411 7
1668944504750 1.0619407892227173 8
1668944504812 0.8635733723640442 9
1668944504873 1.3117882013320923 10
1668944504940 0.8299751281738281 11
1668944505001 1.022423505783081 12
1668944505075 0.8484108448028564 13
1668944505135 0.7192250490188599 14
1668944505187 0.7468428611755371 15
1668944505266 0.7535305023193359 16
1668944505360 0.6826722025871277 17
1668944505430 0.5744743347167969 18
1668944505523 0.5674638748168945 19
1668944505608 0.5191566348075867 20
1668944505683 0.5833224654197693 21
1668944505753 0.664199709892273 22
1668944505830 0.6649608612060547 23
1668944505911 0.6108442544937134 24
1668944505988 0.6846818923950195 25
1668944506088 0.6233233213424683 26
1668944506194 0.7155752182006836 27
1668944506275 0.5571759343147278 28
1668944506352 0.7014726400375366 29
1668944506427 0.6947146654129028 30
1668944506505 0.528479278087616 31
1668944506603 0.6367655992507935 32
1668944506669 0.6661936044692993 33
1668944506735 0.7772574424743652 34
1668944506799 0.6549082398414612 35
1668944506908 0.709813117980957 36
1668944506976 0.6941716074943542 37
1668944507038 0.7401217818260193 38
1668944507100 0.7210682034492493 39
1668944507158 0.6969505548477173 40
1668944507219 0.7268636226654053 41
1668944507281 0.745090901851654 42
1668944507337 0.7342479825019836 43
1668944507392 0.7956963181495667 44
1668944507449 0.658195436000824 45
1668944507503 0.7161070108413696 46
1668944507551 0.7128086090087891 47
1668944507600 0.6857139468193054 48
1668944507651 0.7035120129585266 49
1668944507703 0.6769644021987915 50
1668944507751 0.624758780002594 51
1668944507804 0.610156774520874 52
1668944507852 0.7119550704956055 53
1668944507909 0.8155251741409302 54
1668944507966 0.6517576575279236 55
1668944508038 0.5426328182220459 56
1668944508111 0.6440050601959229 57
1668944508185 0.6807270050048828 58
1668944508276 0.6060088872909546 59
1668944508345 0.6414388418197632 60
1668944508401 0.7433377504348755 61
1668944508455 0.6695241928100586 62
1668944508513 0.6088647246360779 63
1668944508564 0.612282931804657 64
1668944508623 0.8071266412734985 65
1668944508679 0.6334370970726013 66
1668944508736 0.6760719418525696 67
1668944508810 0.6430767178535461 68
1668944508885 0.8952669501304626 69
1668944508948 0.6576665043830872 70
1668944509001 1.0046204328536987 71
1668944509053 0.9071707129478455 72
1668944509108 0.9781215786933899 73
1668944509159 0.7970471978187561 74
1668944509210 0.7684990167617798 75
1668944509256 1.071372628211975 76
1668944509307 1.0792686939239502 77
1668944509352 1.1280285120010376 78
1668944509402 1.057852029800415 79
1668944509449 1.1302762031555176 80
1668944509495 0.9541281461715698 81
1668944509558 0.9564236998558044 82
1668944509616 1.0616097450256348 83
1668944509679 0.9899427890777588 84
1668944509747 1.0805134773254395 85
1668944509809 0.9254474639892578 86
1668944509868 0.7520638704299927 87
1668944509929 0.7817520499229431 88
1668944509982 1.131035566329956 89
1668944512103 1.2000548839569092 90
1668944512151 1.1404746770858765 91
1668944512195 1.1040095090866089 92
1668944512240 1.084093451499939 93
1668944512286 0.8949102163314819 94
1668944512332 0.922370195388794 95
1668944512373 0.879645824432373 96
1668944512416 0.8827871084213257 97
1668944512462 1.0685104131698608 98
1668944512506 0.8990054726600647 99
1668944512548 0.7538956999778748 100
1668944512592 1.187814474105835 101
1668944512643 0.7254736423492432 102
1668944512702 0.8992524743080139 103
1668944512758 0.9110494256019592 104
1668944512801 1.0910592079162598 105
1668944512844 0.899446427822113 106
1668944512886 0.9346880912780762 107
1668944512931 0.9767240881919861 108
1668944512976 1.085224986076355 109
1668944513020 0.9906882047653198 110
1668944513065 0.9799325466156006 111
1668944513109 0.8384102582931519 112
