1668944504308 6.3158721923828125 0
1668944504370 6.122864723205566 1
1668944504410 5.954888343811035 2
1668944504453 6.209567070007324 3
1668944504499 3.2904820442199707 4
1668944504558 2.4127120971679688 5
1668944504605 2.4143290519714355 6
1668944504678 5.338794708251953 7
1668944504747 5.5627827644348145 8
1668944504810 3.191115617752075 9
1668944504871 1.6612590551376343 10
1668944504937 2.2808403968811035 11
1668944504998 1.9293694496154785 12
1668944505071 1.9582799673080444 13
1668944505133 1.8589637279510498 14
1668944505184 1.7641547918319702 15
1668944505263 1.5186371803283691 16
1668944505357 1.6853528022766113 17
1668944505427 1.8134596347808838 18
1668944505521 1.441056251525879 19
1668944505605 1.529637098312378 20
1668944505681 1.5189299583435059 21
1668944505750 1.1876869201660156 22
1668944505828 1.0802147388458252 23
1668944505907 1.127406358718872 24
1668944505985 0.9676482081413269 25
1668944506085 1.1297824382781982 26
1668944506191 0.8878783583641052 27
1668944506270 1.044625997543335 28
1668944506349 0.8525046110153198 29
1668944506424 0.959600031375885 30
1668944506502 1.0049430131912231 31
1668944506601 0.9232157468795776 32
1668944506667 0.8085460662841797 33
1668944506732 0.8742718696594238 34
1668944506798 0.9097784161567688 35
1668944506904 0.9567647576332092 36
1668944506973 0.7834320664405823 37
1668944507035 0.8973400592803955 38
1668944507098 0.8435595035552979 39
1668944507154 0.9133006930351257 40
1668944507216 0.7976573705673218 41
1668944507279 0.8248176574707031 42
1668944507335 0.7550970911979675 43
1668944507390 0.8853262066841125 44
1668944507446 0.7575839757919312 45
1668944507501 0.7470018863677979 46
1668944507549 0.7886446118354797 47
1668944507597 0.8129559755325317 48
1668944507648 0.7437480688095093 49
1668944507702 0.8315435647964478 50
1668944507749 0.8813690543174744 51
1668944507802 0.8583303689956665 52
1668944507850 0.8022788763046265 53
1668944507907 0.871271014213562 54
1668944507963 0.9474654197692871 55
1668944508035 1.0568422079086304 56
1668944508108 0.9507591128349304 57
1668944508182 1.1015046834945679 58
1668944508273 1.0742628574371338 59
1668944508343 1.0348014831542969 60
1668944508400 0.8941411972045898 61
1668944508452 0.8499211072921753 62
1668944508511 1.0016677379608154 63
1668944508562 1.0425628423690796 64
1668944508620 1.0821516513824463 65
1668944508678 1.0810770988464355 66
1668944508734 0.9531133770942688 67
1668944508807 1.0297226905822754 68
1668944508883 0.9616239070892334 69
1668944508946 1.041488766670227 70
1668944508999 0.952801525592804 71
1668944509052 1.0032984018325806 72
1668944509104 0.9799677729606628 73
1668944509157 1.0658295154571533 74
1668944509207 0.8777518272399902 75
1668944509253 0.7222099304199219 76
1668944509304 0.849118173122406 77
1668944509350 0.8390207290649414 78
1668944509400 0.6962445974349976 79
1668944509447 0.8169069290161133 80
1668944509492 0.9343534708023071 81
1668944509555 0.7671327590942383 82
1668944509613 0.8333381414413452 83
1668944509676 0.8312329053878784 84
1668944509745 0.6937981843948364 85
1668944509806 0.8322917222976685 86
1668944509865 0.793342113494873 87
1668944509926 0.9682642817497253 88
1668944509980 0.7824186086654663 89
1668944512100 0.7831543684005737 90
1668944512149 0.7668807506561279 91
1668944512194 0.8699571490287781 92
1668944512237 0.7229738235473633 93
1668944512285 1.1321080923080444 94
1668944512330 1.256331205368042 95
1668944512370 1.1136908531188965 96
1668944512415 1.1394023895263672 97
1668944512460 1.0424480438232422 98
1668944512503 1.071143627166748 99
1668944512546 1.185760259628296 100
1668944512590 0.7388359308242798 101
1668944512637 1.1422359943389893 102
1668944512700 1.08879554271698 103
1668944512754 1.219165325164795 104
1668944512800 0.9771593809127808 105
1668944512843 1.3011270761489868 106
1668944512885 0.9922623038291931 107
1668944512929 1.0376670360565186 108
1668944512973 1.2068017721176147 109
1668944513018 0.9910028576850891 110
1668944513063 1.317838430404663 111
1668944513107 0.9636638164520264 112
