1668944334916 2.1753764152526855 0
1668944334979 2.211669445037842 1
1668944335023 1.9602186679840088 2
1668944335065 1.5847678184509277 3
1668944335106 1.5316755771636963 4
1668944335161 1.0596070289611816 5
1668944335229 1.2395646572113037 6
1668944335296 1.1628270149230957 7
1668944335368 1.0882269144058228 8
1668944335433 1.05983567237854 9
1668944335499 0.9252276420593262 10
1668944335564 0.8267192840576172 11
1668944335642 0.8824862241744995 12
1668944335769 0.8921242952346802 13
1668944335896 0.8776171207427979 14
1668944335998 0.9043811559677124 15
1668944336080 0.7746560573577881 16
1668944336171 0.8400829434394836 17
1668944336241 0.6178312301635742 18
1668944336318 0.5982495546340942 19
1668944336401 0.6984478831291199 20
1668944336472 0.7223218679428101 21
1668944336546 0.5710169672966003 22
1668944336616 0.6240899562835693 23
1668944336687 0.6221187710762024 24
1668944336785 0.4454982876777649 25
1668944336901 0.6841564774513245 26
1668944337000 0.695949912071228 27
1668944337116 0.6932481527328491 28
1668944337220 0.5881419777870178 29
1668944337342 0.5842708349227905 30
1668944337430 0.6366273164749146 31
1668944337508 0.533221423625946 32
1668944337578 0.6003443598747253 33
1668944337667 0.6381552219390869 34
1668944337753 0.6781083941459656 35
1668944337874 0.6135673522949219 36
1668944337961 0.5720210075378418 37
1668944338036 0.6599164605140686 38
1668944338143 0.6068611145019531 39
1668944338246 0.46218499541282654 40
1668944338331 0.5994491577148438 41
1668944338420 0.6020981073379517 42
1668944338538 0.6313850283622742 43
1668944338645 0.571894109249115 44
1668944338742 0.4830542206764221 45
1668944338829 0.5410150289535522 46
1668944338907 0.6437908411026001 47
1668944338979 0.608302652835846 48
1668944339055 0.5808041095733643 49
1668944339116 0.7811342477798462 50
1668944339179 0.6529186964035034 51
1668944339241 0.48462438583374023 52
1668944339303 0.5493670701980591 53
1668944339360 0.585157573223114 54
1668944339425 0.6574156284332275 55
1668944339494 0.5703005194664001 56
1668944339566 0.7508931756019592 57
1668944339645 0.7579109072685242 58
1668944339715 0.6136168837547302 59
1668944339780 0.8352294564247131 60
1668944339850 0.5662239789962769 61
1668944339902 0.8895519971847534 62
1668944339956 0.7475271821022034 63
1668944340018 1.1225056648254395 64
1668944340073 0.9609459638595581 65
1668944340127 1.1713825464248657 66
1668944340184 0.9472611546516418 67
1668944340235 0.9341946244239807 68
1668944340288 0.9931628108024597 69
1668944340348 0.8439050912857056 70
1668944340400 0.8967090845108032 71
1668944340452 0.9045379757881165 72
1668944340510 0.8743614554405212 73
1668944340579 1.5783157348632812 74
1668944340646 1.2915828227996826 75
1668944340713 1.4362106323242188 76
1668944340785 1.1648703813552856 77
1668944340846 1.1322944164276123 78
1668944340914 1.41658616065979 79
1668944340981 1.3328485488891602 80
1668944341041 1.4124726057052612 81
1668944341091 1.1840267181396484 82
1668944341141 1.1178481578826904 83
1668944341197 1.3443926572799683 84
1668944341246 1.2840464115142822 85
1668944341306 1.3392956256866455 86
1668944341355 1.1958836317062378 87
1668944341411 1.084566593170166 88
1668944341464 1.1467939615249634 89
1668944344468 1.2255077362060547 90
1668944344534 1.5775346755981445 91
1668944344611 1.334544062614441 92
1668944344733 1.052157998085022 93
1668944344831 1.04395592212677 94
1668944344930 1.3847094774246216 95
1668944345023 1.0205917358398438 96
1668944345131 1.5536935329437256 97
1668944345230 1.023378610610962 98
1668944345307 1.3774352073669434 99
1668944345400 1.3575762510299683 100
1668944345507 1.2332770824432373 101
1668944345601 1.0954351425170898 102
1668944345690 1.2442476749420166 103
1668944345762 1.3139268159866333 104
1668944345839 1.3699719905853271 105
