1668944334914 9.235612869262695 0
1668944334975 6.168027400970459 1
1668944335022 2.576216697692871 2
1668944335063 2.497976303100586 3
1668944335104 2.1924080848693848 4
1668944335158 2.1158509254455566 5
1668944335226 2.027454137802124 6
1668944335294 1.7785242795944214 7
1668944335365 1.9570866823196411 8
1668944335431 1.5705351829528809 9
1668944335497 1.3792376518249512 10
1668944335561 1.5873944759368896 11
1668944335638 1.3089673519134521 12
1668944335762 1.2306934595108032 13
1668944335894 1.3301177024841309 14
1668944335996 1.0374372005462646 15
1668944336074 1.2448816299438477 16
1668944336168 1.0381464958190918 17
1668944336238 1.1837589740753174 18
1668944336315 1.1372947692871094 19
1668944336398 1.1080929040908813 20
1668944336470 0.8527900576591492 21
1668944336543 1.1069061756134033 22
1668944336614 0.9496842622756958 23
1668944336685 0.9432690143585205 24
1668944336783 1.1413363218307495 25
1668944336899 0.7994442582130432 26
1668944336997 0.9436683058738708 27
1668944337113 0.7285714149475098 28
1668944337217 0.9264914393424988 29
1668944337339 0.8939574956893921 30
1668944337427 0.8784651756286621 31
1668944337505 0.9662884473800659 32
1668944337573 0.9476813077926636 33
1668944337664 0.8538062572479248 34
1668944337750 0.788958728313446 35
1668944337871 0.8627532720565796 36
1668944337957 0.8329615592956543 37
1668944338032 0.8113369941711426 38
1668944338139 0.979282021522522 39
1668944338243 1.019629955291748 40
1668944338328 1.0384677648544312 41
1668944338417 0.92787766456604 42
1668944338535 0.92182457447052 43
1668944338640 0.8522207140922546 44
1668944338738 1.2016487121582031 45
1668944338826 1.1304540634155273 46
1668944338904 1.0243427753448486 47
1668944338976 1.019880771636963 48
1668944339052 1.1228363513946533 49
1668944339115 0.9848606586456299 50
1668944339176 0.8280673027038574 51
1668944339239 1.045525312423706 52
1668944339301 1.0373482704162598 53
1668944339356 0.98360675573349 54
1668944339421 1.0635513067245483 55
1668944339489 0.8859686851501465 56
1668944339563 1.0018095970153809 57
1668944339642 0.8313031196594238 58
1668944339711 0.8865747451782227 59
1668944339777 0.9066989421844482 60
1668944339847 1.122167706489563 61
1668944339900 0.7640132904052734 62
1668944339954 0.9739765524864197 63
1668944340016 0.8776323795318604 64
1668944340071 0.7731481790542603 65
1668944340123 0.8639712333679199 66
1668944340182 0.7413020730018616 67
1668944340233 0.6188327074050903 68
1668944340286 0.7141805291175842 69
1668944340346 0.8774324655532837 70
1668944340399 0.7418949604034424 71
1668944340450 0.8361230492591858 72
1668944340506 0.6627976894378662 73
1668944340576 0.615378737449646 74
1668944340643 0.8973798155784607 75
1668944340710 0.7168801426887512 76
1668944340781 0.5704315900802612 77
1668944340843 0.9277914762496948 78
1668944340912 0.7393811941146851 79
1668944340978 0.7323476076126099 80
1668944341039 0.9427586793899536 81
1668944341088 0.8695406913757324 82
1668944341139 1.0791128873825073 83
1668944341195 0.7663465738296509 84
1668944341244 0.8676427602767944 85
1668944341304 0.7126206159591675 86
1668944341353 0.7769840955734253 87
1668944341409 1.006775140762329 88
1668944341461 0.7555215358734131 89
1668944344464 0.9000816345214844 90
1668944344531 0.7531372904777527 91
1668944344606 0.8290475606918335 92
1668944344730 0.8532898426055908 93
1668944344828 0.8602436780929565 94
1668944344927 0.6840524077415466 95
1668944345021 0.8925493359565735 96
1668944345128 0.6379818320274353 97
1668944345227 0.725287139415741 98
1668944345304 0.8099320530891418 99
1668944345397 0.8006852865219116 100
1668944345503 0.7273982167243958 101
1668944345597 0.9184813499450684 102
1668944345687 0.7603554129600525 103
1668944345756 0.9176361560821533 104
1668944345837 0.845261812210083 105
