1668944261996 9.406503677368164 0
1668944262045 12.193181037902832 1
1668944262087 6.224663257598877 2
1668944262138 2.999091148376465 3
1668944262181 11.998900413513184 4
1668944262221 5.629639148712158 5
1668944262264 5.945114612579346 6
1668944262303 5.475782871246338 7
1668944262341 5.223869800567627 8
1668944262381 1.4331260919570923 9
1668944262421 1.4192713499069214 10
1668944262462 1.7442561388015747 11
1668944262506 1.3842650651931763 12
1668944262545 1.1877224445343018 13
1668944262585 1.128433108329773 14
1668944262624 1.0707008838653564 15
1668944262663 0.9600863456726074 16
1668944262704 0.9317007064819336 17
1668944262744 0.6823828220367432 18
1668944262785 0.9293995499610901 19
1668944262827 0.7550560832023621 20
1668944262867 0.9258052706718445 21
1668944262908 0.7240718007087708 22
1668944262948 0.6102370023727417 23
1668944262990 0.6463760137557983 24
1668944263035 0.7296735048294067 25
1668944263079 0.6289185285568237 26
1668944263120 0.6487700343132019 27
1668944263163 0.6213868856430054 28
1668944263203 0.678742527961731 29
1668944263246 0.5358104705810547 30
1668944263286 0.6779403686523438 31
1668944263332 0.5084185600280762 32
1668944263372 0.6715600490570068 33
1668944263415 0.641065776348114 34
1668944263454 0.6066278219223022 35
1668944263496 0.640055239200592 36
1668944263536 0.558466911315918 37
1668944263580 0.6464876532554626 38
1668944263621 0.5589572191238403 39
1668944263662 0.5335755348205566 40
1668944263703 0.46557724475860596 41
1668944263745 0.563116192817688 42
1668944263786 0.47945624589920044 43
1668944263828 0.45328786969184875 44
1668944263869 0.5404586791992188 45
1668944263912 0.6016885042190552 46
1668944263951 0.45241880416870117 47
1668944263991 0.4340502917766571 48
1668944264030 0.41569989919662476 49
1668944264072 0.30790603160858154 50
1668944264117 0.41787970066070557 51
1668944264159 0.447234183549881 52
1668944264203 0.41403332352638245 53
1668944264246 0.3291388154029846 54
1668944264289 0.43306031823158264 55
1668944264328 0.30866608023643494 56
1668944264367 0.3943699300289154 57
1668944264407 0.3010454773902893 58
1668944264447 0.3725999593734741 59
1668944264487 0.38641494512557983 60
1668944264528 0.3703083395957947 61
1668944264566 0.36658453941345215 62
1668944264607 0.49706026911735535 63
1668944264650 0.36629095673561096 64
1668944264719 0.2770235240459442 65
1668944264772 0.4539068937301636 66
1668944264815 0.3262884020805359 67
1668944264853 0.4713939428329468 68
1668944264891 0.3213110864162445 69
1668944264933 0.29702654480934143 70
1668944264971 0.38893675804138184 71
1668944265012 0.3626805543899536 72
1668944265056 0.3617894649505615 73
1668944265095 0.45851150155067444 74
1668944265135 0.3444235026836395 75
1668944265181 0.43688085675239563 76
1668944265225 0.30918923020362854 77
1668944265268 0.3289671540260315 78
1668944265309 0.5031957030296326 79
1668944265352 0.35025468468666077 80
1668944265395 0.4744373857975006 81
1668944265434 0.31731849908828735 82
1668944265479 0.391644150018692 83
1668944265520 0.39467453956604004 84
1668944265563 0.3136996030807495 85
1668944265606 0.2580759525299072 86
1668944265647 0.38696804642677307 87
1668944265689 0.367290735244751 88
1668944265736 0.32577037811279297 89
