1668944261993 10.277727127075195 0
1668944262041 9.460480690002441 1
1668944262085 15.424948692321777 2
1668944262136 8.212907791137695 3
1668944262179 12.722969055175781 4
1668944262221 6.242382526397705 5
1668944262262 4.443988800048828 6
1668944262301 3.699298858642578 7
1668944262339 2.885498523712158 8
1668944262379 6.045308589935303 9
1668944262420 3.1962175369262695 10
1668944262460 2.5482237339019775 11
1668944262505 2.312230110168457 12
1668944262543 2.626673936843872 13
1668944262584 2.5589354038238525 14
1668944262622 2.3991503715515137 15
1668944262662 2.0669972896575928 16
1668944262702 2.4900505542755127 17
1668944262742 2.4168920516967773 18
1668944262784 2.4680540561676025 19
1668944262824 2.369974136352539 20
1668944262866 2.1187288761138916 21
1668944262906 2.1517815589904785 22
1668944262945 2.0013391971588135 23
1668944262988 2.1971921920776367 24
1668944263034 1.960510015487671 25
1668944263077 2.296961545944214 26
1668944263118 1.871716856956482 27
1668944263162 2.102522373199463 28
1668944263202 1.78816819190979 29
1668944263245 1.976374864578247 30
1668944263284 1.9721624851226807 31
1668944263331 1.7503838539123535 32
1668944263371 1.7604951858520508 33
1668944263413 1.666914701461792 34
1668944263453 2.0383729934692383 35
1668944263495 1.8857195377349854 36
1668944263535 1.8044066429138184 37
1668944263578 1.5478774309158325 38
1668944263619 1.592789649963379 39
1668944263659 1.8000532388687134 40
1668944263702 1.7132153511047363 41
1668944263742 1.691746711730957 42
1668944263784 1.5943025350570679 43
1668944263824 1.5239322185516357 44
1668944263867 1.5573246479034424 45
1668944263909 1.6764734983444214 46
1668944263950 1.4888911247253418 47
1668944263989 1.7287020683288574 48
1668944264029 1.531589388847351 49
1668944264070 1.6553969383239746 50
1668944264115 1.5785548686981201 51
1668944264157 1.4400062561035156 52
1668944264202 1.5012099742889404 53
1668944264242 1.9275975227355957 54
1668944264287 1.4660794734954834 55
1668944264326 1.5775989294052124 56
1668944264365 1.4245754480361938 57
1668944264406 1.5705418586730957 58
1668944264445 1.7776660919189453 59
1668944264486 1.5950497388839722 60
1668944264525 1.666343092918396 61
1668944264564 1.4799178838729858 62
1668944264606 1.3352174758911133 63
1668944264648 1.4616425037384033 64
1668944264717 1.5431404113769531 65
1668944264771 1.2599365711212158 66
1668944264813 1.4507242441177368 67
1668944264851 1.4051811695098877 68
1668944264889 1.4428396224975586 69
1668944264931 1.4458788633346558 70
1668944264969 1.2813979387283325 71
1668944265009 1.4376317262649536 72
1668944265054 1.3552364110946655 73
1668944265092 1.2557878494262695 74
1668944265133 1.575891375541687 75
1668944265179 1.633854866027832 76
1668944265224 1.836190938949585 77
1668944265266 1.3789374828338623 78
1668944265307 1.238905906677246 79
1668944265351 1.4135406017303467 80
1668944265391 1.3585580587387085 81
1668944265432 1.4359544515609741 82
1668944265476 1.3447459936141968 83
1668944265518 1.2602219581604004 84
1668944265559 1.5343317985534668 85
1668944265605 1.5299561023712158 86
1668944265645 1.2064752578735352 87
1668944265688 1.2685596942901611 88
1668944265734 1.41823410987854 89
